0.6552209169570052
0.6504504466574801
0.6542395803704578
0.6564689812270189
0.6597579277612529
0.6595636767937602
0.6591513681098502
0.6570439252161343
0.6629024808295836
0.6610171134962496
0.6651509275402712
0.6656287877558396
0.6639547353489936
0.6647751306271443
0.6555980722805764
0.6521009714074257
0.6532345567153244
0.6489362781056042
0.6554822691570783
0.661818259762599
0.659307832167241
0.6554701075328319
0.6547401090820916
0.6577376498341005
0.6456284894873908
0.6528939666540633
0.650555785794101
0.6386963418635586
0.625045764803682
0.6113104808716809
0.5919630187278123
0.5644717202541091
0.5739814128232475
0.5969658178645115
0.678767589650621
0.684944678758475
0.6871258179866637
0.6880364317890034
0.6929256505694887
0.6817808446372127
0.6834840024128267
0.6764518542690361
0.6783998669712097
0.6790812696072236
0.6794701996138939
0.6835333110552503
0.6825658746559716
0.6928640349307124
0.691490387677278
0.6918835151124094
0.6830563191328832
0.6847680360951686
0.6866608858935944
0.6859106709450077
0.6843304330411196
0.6855510930439147
0.6841551605011285
0.6842187806503474
0.6826663387545835
0.6820448975028205
0.6816710211862403
0.6773368314726861
0.6725595270650602
0.6589560727521082
0.6554438562603678
0.6697190845315565
0.6746709572099736
0.6741815665069755
0.6636885000121789
0.6700210806396366
0.6721263918312721
0.6650735123344661
0.666271736671932
0.6696192359093266
0.669315106265721
0.6840406735727848
0.6860949168339034
0.6907545806651543
0.6868831533572423
0.6830737073106482
0.6796873508671899
0.6750569182891951
0.6717444596245474
0.6655354232662508
0.6678928665385903
0.6585981866345643
0.6325948099561453
0.6502827542787644
0.6501557788880257
0.6518072188929001
0.6545981911486516
0.6509468260517285
0.6595688177778907
0.6707005971701394
0.6763109033990911
0.6840039165954239
0.6960156393928251
0.7021167652456384
0.694024019058969
0.6899059512284983
0.6852051039127214
0.6804450338723723
0.6776097572575062
0.6778913036042556
0.6793987173407643
0.6795263120245435
0.6807278317487523
0.6821754906747743
0.6841475011711461
0.6846985726425769
0.6848331464584285
0.6725206538810333
0.672392145963815
0.6663747924965797
0.6507202710153464
0.6782985623422934
0.6727960902637636
0.6773186132697415
0.6859984325397843
0.693442769175746
0.6951790755237802
0.6970713147777063
0.7020017475443647
0.7017640016946328
0.6998395364369018
0.7054802270706054
0.7110725110405064
0.7125752028352408
0.7121392395962913
0.7125519250273508
0.7093684169694606
0.6964809357831993
0.6783144867550956
0.6702083432925698
0.6470511267737712
0.6262896100631385
0.6263205793947498
0.6445832170150425
0.6627914818812336
0.6766203994386011
0.6866228953096932
0.6973017880677306
0.7061749294891163
0.7149231026771721
0.7136574500495187
0.7130626641814398
0.7096352641422301
0.7072577240484597
0.7035847940214378
0.6977114494909175
0.6902026424599403
0.6806723262620404
0.6724503018198208
0.6577404189236408
0.6452494808261732
0.627502397491642
0.6194918166017374
0.6103683265556369
0.6197672763613293
0.612299144690202
0.6083794585502804
0.4901067585095049
0.5441921838168081
0.5760360069532188
0.6078291664569045
0.6274203261352972
0.6430927014900318
0.6588366891885904
0.674120128217653
0.6844037468751859
0.6921577287462749
0.6972199359982679
0.7023786660430483
0.7085705715538213
0.7095204845885688
0.7111530759991821
0.7029325063004817
0.7004623199128718
0.6821317400327336
0.6683740100517604
0.6587564070913262
0.6518799734402816
0.6483987942797339
0.6530261319471824
0.6625736522713833
0.6677475147285216
0.6776129491859278
0.6842634561917438
0.690356094791795
0.7014885546744326
0.7043249786599655
0.7050305432915623
0.7045284833803068
0.7023529529428476
0.6979206029476424
0.6942311749383064
0.68881915464613
0.6869221720118722
0.6801856684638098
0.6761129847307256
0.6680080072076597
0.6595186393357247
0.6582276932214355
0.6494929314002407
0.6252196057967361
0.5921684662148711
0.5579402570249901
0.5617606081852442
0.5894523805990391
0.6006073549119545
0.6318064671818976
0.6481673131165805
0.6665496002268098
0.6711359113203318
0.6795057253545428
0.6909919461192854
0.6968416622041129
0.6951267129038022
0.6961414663386161
0.695093597985276
0.6914145242436025
0.6837189827320119
0.6718923078136998
0.6673774215190464
0.6552291938037162
0.6532760184430217
0.6579601572153663
0.6596771465074018
0.6579537863299944
0.657547100290816
0.6586705694146014
0.6615265085801767
0.6633296973805212
0.6746125799102853
0.6834704494074897
0.6897664042316073
0.6917230855197639
0.6848038480903669
0.6910910683810917
0.6927503136821502
0.6923761028728096
0.6908486087479184
0.6866853122843924
0.6799202436599833
0.6702196079635475
0.6586862652771908
0.64980275780108
0.6307712549891762
0.5921917053674951
0.5409412630172713
0.5168999982164284
0.5521158318733013
0.5989906845115209
0.6335038629824838
0.656399498522062
0.6697106127690072
0.6817826201043915
0.689817154626475
0.6940948288773015
0.6979463412408011
0.6996406984811091
0.700313405591203
0.7059427820580626
0.7076721971887908
0.710688885309227
0.7042764032090063
0.7052244248297356
0.7074434659654252
0.7045698429047305
0.6896614961922626
0.6917778781362248
0.6948410924354973
0.6948153621334224
0.6919996217656543
0.6959470906061148
0.6990477846443716
0.6991847123354069
0.6939820510479201
0.6846567025202518
0.6752127113112537
0.6639409010592924
0.656161022026639
0.6388487611700764
0.6215376055453431
0.6255005575964326
0.6261848593898823
0.6159933470073425
0.5971268361341315
0.5824905685417289
0.5780352264945854
0.5680422574348878
0.5466836036079527
0.5665048573137316
0.5667441981625401
0.5870204375152396
0.6224734350890874
0.6322341367753774
0.6535481496399976
0.6548755519847619
0.6569389625346087
0.6662063155182255
0.6818408765699704
0.6740276149796205
0.6707843853575152
0.672561251270417
0.6766255525833638
0.6751164787143042
0.6727639425872404
0.6686168068247199
0.6675695821644386
0.6764683510658869
0.6849276686761583
0.6913668910752739
0.6986419919523987
0.7025246965721824
0.7035401021635384
0.6983037009154613
0.6970711309895972
0.6939434817217821
0.6903011704356358
0.6810594166530489
0.6693887911148059
0.6596035358008665
0.6559558368822843
0.6521101323470457
0.6478257460818642
0.6381857754997267
0.6291196160458935
0.6212135809657577
0.6065511240694446
0.6098461001091036
0.586361602001181
0.5875522096822007
0.5737334324977299
0.5834832155669891
0.5887299575077115
0.5769930305355151
0.553906452888979
0.5440866576662058
0.5501845893536124
0.5538352595145523
0.5163351074974387
0.5022050947538057
0.4977175505904698
0.5045995456407733
0.4985600496676653
0.503901935197924
0.51376247792326
0.5173955136874052
0.5199340754836492
0.5121946715666506
0.5155427856642797
0.524192512410287
0.5779082278554776
0.5588706086100881
0.5044971338214863
0.4893538981066482
0.5139889715859536
0.5351115788389599
0.5473436652748866
0.5622850174366918
0.5810164808820781
0.5839746051527387
0.552340792743785
0.4956752689782321
0.5171870086258465
0.5122518982765734
0.5101161074972245
0.5186424033823426
0.5187916779753813
0.5311328439557107
0.5384764261150391
0.4998682549142091
0.4436954904486838
0.5134673371043617
0.5595609551258485
0.5859014302171218
0.622065976741094
0.6332212199217507
0.6461069431020772
0.6569085005199378
0.6690337595727377
0.6781354199243363
0.6843138917123588
0.6883256038997744
0.6924632390345218
0.6979022776228673
0.7010040476155461
0.7039141306353049
0.7030470358761499
0.7021863308569383
0.7022339146143798
0.7003154282218023
0.6996806917231941
0.697120494390325
0.6895170431923112
0.6829053430108639
0.6737112285697371
0.6689376465597173
0.6613301547969229
0.6641961082722213
0.6718078560050138
0.6758760221250191
0.6800386984907757
0.6816006017725373
0.6758353309825815
0.6704522249888898
0.6684630677677094
0.6579990022613887
0.651348243428151
0.643265068427088
0.6327672849376921
0.6242442176930785
0.6151819655180184
0.6009675203286617
0.5779274070842884
0.5557009033119823
0.5641203551361441
0.5546736821166075
0.5706545973757767
0.5976115275221833
0.6061172813151922
0.5905584489856023
0.6245317274218556
0.6283366940090799
0.6397392975403625
0.6287056563585443
0.6073949949164203
0.6593861448779988
0.6684916915348004
0.6578823837264861
0.6598848668187842
0.6603349851906761
0.6638688781942506
0.6444405541540231
0.6242487746131415
0.6081651041072321
0.6230991687986245
0.6143738296599623
0.6150523628203487
0.6149464798884863
0.6044631333034216
0.5944903054589008
0.5661735076300815
0.54178448216669
0.5250333774154552
0.5643228475342339
0.6035175383186975
0.617173861730788
0.6120683196966199
0.6065237243213857
0.6341895273830096
0.6309956747708885
0.6488416151351202
0.6534152858813106
0.6613311209477308
0.6690412758096239
0.6746931717195511
0.6759952995562303
0.666115515698768
0.660595305575527
0.6607326779463975
0.657413174333016
0.6591602039522502
0.6600167378725684
0.6628270808132014
0.6607367940441287
0.6552847098142236
0.6549291935784994
0.6513137283688726
0.6528403864297196
0.652586991006097
0.64817581194229
0.6517081601146446
0.6523107905716656
0.6534639009043145
0.6524960969596396
0.6568623892622323
0.6566951131934678
0.6584154874389425
0.6560309096299884
0.6357832068620022
0.6196963146449239
0.5961469402913331
0.5763058080851133
0.6036590108876625
0.5953626281448292
0.6082833217467309
0.6095449369459583
0.6067341314534943
0.5919393009623712
0.5980239077252133
0.6111594701588168
0.6244179371801121
0.6453075674872771
0.6592887201649291
0.6577891609959605
0.664812825530497
0.6633965423292261
0.6695730488963538
0.6765968250015414
0.6742358065509167
0.6802790410869795
0.6840270584117804
0.6844501149950348
0.671343521664972
0.6652617452084512
0.6578773081387144
0.6448828468034753
0.6295618026482712
0.6326400075489121
0.6379931458444732
0.6463137912792825
0.6583642549942086
0.6726631033366346
0.6774834950198628
0.6871525466118519
0.6899442405851103
0.6725060384947542
0.6794922822429103
0.6780444438097002
0.6743067421426235
0.6625259209999692
0.6623022320656349
0.6404097316323069
0.6220622255962299
0.6028210495996076
0.5690617957110724
0.5411890283268526
0.54658660850288
0.5183129776997512
0.5066233605991876
0.4865795297883119
0.491651732041217
0.4830257352216101
0.4789031444929149
0.4832813539645364
0.485150512710496
0.4837277271607159
0.475486983890714
0.4858253861224616
0.4816305376947154
0.4497188636539863
0.460955014959773
0.479949624643178
0.4735534753219999
0.4397895534871989
0.4550866137565606
0.5298889017130871
0.5400655304506112
0.6099627143244533
0.6123997051915627
0.6121937127765994
0.5668710828266798
0.5929035577990563
0.5918346554791704
0.6063681000304983
0.6127141036179048
0.6014270062535511
0.6165734294751192
0.6285536859998935
0.6350281110227135
0.6227093110561273
0.6159158896636091
0.6112372816932696
0.6173585082330014
0.6213885316886788
0.6213519895864456
0.6157199739313081
0.6201848506474434
0.6045672566462459
0.5833283781871879
0.5654240621985384
0.5296542346265393
0.5306648592610511
0.5306921991482422
0.5482559743638019
0.5422930584950019
0.5313217575558861
0.5322733093834567
0.5369497748131726
0.5451773064755232
0.5431078965695616
0.5802935364012601
0.6004674201908846
0.6177285632316014
0.6269812515644874
0.6366993328803168
0.6447380032123511
0.648896298728085
0.6509202927248731
0.6396347279254168
0.6431206142803116
0.6361647498263387
0.63860984347663
0.6392660089889404
0.638697251522129
0.6462356001023507
0.6462296502163866
0.6056238874798299
0.5910912050406164
0.5681164127813794
0.533517794100175
0.5117620055558011
0.5338303463273604
0.5291396067526338
0.5606832963452707
0.5606030649837367
0.5228505071093231
0.5336234644368006
0.5314213729626387
0.5329347817694866
0.5221601795013185
0.5119994435835068
0.5147651516533394
0.5221462554701399
0.5334051621498266
0.5652814580344642
0.578141468000313
0.5978898557505484
0.611621840366357
0.6075887197523135
0.6075908880099437
0.5995874409421657
0.6218735002717871
0.6261226209685258
0.6269279738968531
0.6372318961854144
0.6290826235745002
0.6362594820736824
0.6362614487611077
0.6346213582659592
0.6229596351584095
0.5983574223827703
0.5702677562568449
0.5438122550853388
0.538843570261424
0.5549065605839693
0.5940285650202475
0.6170658157368648
0.6269026119839456
0.640630527808786
0.6546238053229065
0.6620547953666597
0.6590146352178634
0.6487085572019821
0.6500065339425615
0.657287268467845
0.6606228700237766
0.666160543517629
0.6600627300436235
0.652432816360674
0.6402857001897111
0.6271632795242231
0.6065541370707473
0.5836992272942259
0.5340497178113706
0.477120838266491
0.5147925069148384
0.5345045983289566
0.6001882048187318
0.5313193446717001
0.5475433645641957
0.5945415807161666
0.6181244416867748
0.5969261995396121
0.6155090734209251
0.6364688229252649
0.6491215031537876
0.660031257307921
0.6456047776489406
0.6472943812163185
0.6452326269084706
0.6526382280261825
0.6613492666857348
0.6545303999412095
0.6465017801598019
0.6484033404398694
0.6477010380023057
0.6443359939375498
0.6393670926930973
0.6266523204928417
0.6127437994234156
0.6026832540835241
0.6014855961226773
0.6019876668682014
0.6027088281980977
0.60688093538954
0.608378815972521
0.6093558505652183
0.6056207280202145
0.6062848933006848
0.6068640955283896
0.6117435868151831
0.6206165616185751
0.6387568348682471
0.6558136204532377
0.6555979167285657
0.6573308212260873
0.6564259289730312
0.6524278912112781
0.652998403023291
0.6549903595299947
0.6398333168591671
0.6482896030088898
0.660371692380309
0.6524955338325783
0.6541957152150183
0.6556671836509084
0.668171979655473
0.6585531172670307
0.6586635283341425
0.644414246921812
0.6413573086899368
0.6356019553056486
0.6283032302494977
0.6190000942518442
0.6045700327241953
0.5807022317430406
0.5577565875267185
0.53838484817774
0.568261668491752
0.5816756127517305
0.6047538381309374
0.6186837638208591
0.619241990293608
0.6198424026903854
0.6250608806831898
0.6293540816259995
0.6342126050989423
0.6344637324633824
0.6420088374129487
0.6460031825632213
0.6570045544715958
0.6546822056594287
0.6501526575463967
0.6592992276019842
0.6469637868529809
0.6512989025911365
0.6479165787199596
0.6540464631521439
0.6517976023558305
0.644089222541613
0.6174494732771405
0.5921579700344383
0.5811383889943978
0.5842907366055519
0.6004677189707343
0.6097036178211035
0.6269806568422048
0.6312613544203403
0.6445043264240735
0.6589356305213492
0.6859256133137613
0.6740815093451983
0.670464520901257
0.6803649924540229
0.6804624667025564
0.677727766825947
0.6652557872136921
0.6510890230215154
0.6530693810837377
0.6632772097728737
0.664872072785982
0.666518435556826
0.6755395762160669
0.6778123008640373
0.6846210322259918
0.6910653773043864
0.6977381092389592
0.7003706419966363
0.7040113015316327
0.6976123764393568
0.6917788098965323
0.6848888065410019
0.6903628722382926
0.6882930024887237
0.6903385292497445
0.6906584075521254
0.6897835467462982
0.6849820048366279
0.6830726662833603
0.6826008871382649
0.6813786945003135
0.6820151413442083
0.6823473812637971
0.6814996692193512
0.6853419394922341
0.679602627432927
0.6759284142861451
0.6701093789627034
0.6619690201055609
0.6566997072220609
0.6512284435470505
0.6601884574076528
0.6403922020140874
0.6319401710732162
0.6377791545760502
0.6424965022434712
0.6421659510893085
0.6483096296307524
0.6519315355508172
0.6593934260078199
0.6656935887250373
0.6671046364713008
0.6564323597558281
0.6528627070387348
0.6436681569238402
0.6352701240925033
0.6407817618807213
0.6406861999491196
0.6394131267463661
0.6463893426463255
0.6458700656132196
0.6378225023520719
0.6290836578971277
0.6119990489710986
0.5999293377216712
0.6075361561765313
0.6141856286040481
0.6131100338028278
0.5998897397261876
0.6009566951889287
0.6042554629157445
0.6093638438680899
0.6116795973152432
0.6129844654524682
0.6064660711889618
0.6137250697791479
0.6187143571083964
0.6354620753761302
0.6524628928626924
0.6618857851792832
0.6630643788504783
0.6681823362897276
0.6723659646616432
0.6724748265003195
0.6749629154304472
0.6688626669395893
0.6658291429829168
0.6673968786500161
0.6578839648185834
0.6477021205536171
0.6597142899433419
0.6716719221723767
0.6773466777704096
0.6840839300965925
0.6891717454109696
0.6953264264589156
0.6997239596692474
0.7028164352573483
0.704729621855562
0.7018957563159115
0.7034805418097059
0.699075241541546
0.6925486954806376
0.693614038985486
0.6823560561042811
0.671663227302416
0.659317356446856
0.6746535844076061
0.6822271377266631
0.6837855205753461
0.6863772027524851
0.6917676222162167
0.6838547144409418
0.6893674269962667
0.688031151341804
0.6904403549605799
0.6932917888593296
0.6948024095027169
0.6922811087586989
0.6779076726824484
0.6562921041235298
0.6543683962850689
0.6484909358822839
0.6492736114389395
0.6517371291237389
0.6519767998428413
0.6524288619663188
0.6515048369697611
0.6564177403332357
0.6569998382526693
0.6510851318239675
0.6441496603121303
0.6315443241666249
0.6179189609732604
0.5976030035958839
0.567503356658933
0.526734511802107
0.4836131442443997
0.475651218938129
0.4774018906184462
0.5550372341674169
0.5909649678993777
0.6060053000770194
0.5859725563399358
0.5563778776273971
0.5782657411423381
0.6035710650651273
0.5703370619330105
0.5220941891251868
0.4914461779132134
0.4662266692405364
0.4721473495417158
0.5057686469703598
0.5282368294943399
0.5332450674066253
0.5245353108356789
0.5412152449937931
0.5694546218119938
0.5884638849503072
0.5871435950160355
0.5699516951841787
0.5509932668530877
0.5843538099968377
0.6072633333240234
0.6230029875056534
0.6316245167709111
0.6393546585036074
0.6419797747041619
0.6468407664023699
0.6538538610488872
0.6660710551685193
0.6750453646749834
0.6817538007960348
0.6886182150785569
0.6973780686754292
0.7013752124192369
0.7037715469868833
0.7048720766005732
0.7043652954647133
0.7020819561270832
0.6982023039474409
0.6976139197556638
0.6953147757193372
0.6926819879046642
0.6874721833543966
0.67954098599418
0.6713818118307614
0.6592240176319052
0.6448979129166347
0.6269118816228111
0.6076976950143149
0.5800295964819582
0.5519229269376531
0.520776184326995
0.5360373234264542
0.5645295363660047
0.6326339568064653
0.6444241457224044
0.6392621094668091
0.6478974154635984
0.6541504991317159
0.6557123296073299
0.6483129543752023
0.6585781480052513
0.666018621042486
0.6707198872269403
0.6683974806115056
0.6748027175157973
0.6734008990582462
0.6784381626929609
0.6871524788952975
0.6938291362432647
0.699256219863915
0.7019364302822371
0.7036972359133048
0.7057599950436035
0.7065009800703836
0.7059415209742045
0.705922467676882
0.7053172630834058
0.7032229378612057
0.6998729821449462
0.693188847535032
0.690155057859973
0.6843408817408037
0.6753447154970119
0.6625968084886111
0.6497520006673766
0.6380113365440711
0.6214322384484899
0.5972794342194736
0.5768115481976347
0.5853235212189816
0.5852242584743974
0.5829774522367389
0.5693073067905713
0.5579616371361455
0.5691833660151774
0.578964229104735
0.56778983298756
0.5357512904191709
0.4980306657176805
0.5139992614269362
0.5562773740253714
0.5219036310389997
0.4974025677919066
0.5199059607739244
0.5257147252495339
0.5401608301944777
0.5802376894951282
0.6131423825666031
0.6385440890893265
0.6414308310996848
0.6594911275588831
0.6657185222277567
0.6769309731441271
0.6678336589491788
0.6770754287374536
0.6742750653704025
0.6719334587598269
0.6765757471716036
0.6777114397446677
0.6534232469437425
0.6423344322925767
0.6213300551918505
0.6137515388881706
0.6101406446967473
0.6248889231490715
0.6328778556502846
0.6258432189599413
0.6295915671419908
0.6194922108029419
0.6085263805243568
0.5922406609630354
0.6143491631324215
0.6370725438971174
0.642772340420762
0.6281821494748543
0.6190685983829785
0.5321969408669126
0.5098744746352469
0.5236041989586608
0.5356145744538715
0.5382927915074416
0.5537980734855711
0.5546711908582018
0.5625897026471514
0.5652109472217023
0.5797414867796122
0.5877267827542004
0.593123088136318
0.5939999884067296
0.6028383771580663
0.6048499297972745
0.6244611434531918
0.6265735462673954
0.6356759581079501
0.6220742278394952
0.6253752928051715
0.6285216427327994
0.6433094551661439
0.6539813983356852
0.6614464304579633
0.6691844888858739
0.6798429474656882
0.6928321629766867
0.7011660678068783
0.7105500729481918
0.7127169042288396
0.7097489464782459
0.7105553532743566
0.7086459962385822
0.7083448964009109
0.7050313176108423
0.6996675352010912
0.6914764330222467
0.6816379120538146
0.666606406534734
0.6552209169570061
0.6504504466574811
0.6542395803704587
0.6564689812270122
0.6597579277612535
0.6595636767937608
0.6591513681098491
0.6570439252161324
0.6629024808295824
0.6610171134962484
0.6651509275402699
0.6656287877558386
0.6639547353489925
0.6647751306271431
0.6555980722805752
0.6521009714074244
0.6532345567153232
0.6489362781056031
0.6554822691570907
0.6618182597626103
0.6593078321672403
0.6554701075328312
0.654740109082091
0.6577376498341
0.6456284894873905
0.6528939666540627
0.6505557857941007
0.6386963418635583
0.6250457648036815
0.6113104808716809
0.5919630187278123
0.5644717202541091
0.5739814128232475
0.5969658178645115
