0.6929213300285956
0.7003519161813488
0.7068222395009579
0.7067290573651793
0.6998350739090639
0.6924061290451194
0.6866123013965822
0.6856815674797702
0.6853455707416571
0.6872316798702161
0.6898131743279272
0.6903988024382376
0.678804141400298
0.6837985520910684
0.6840536090163806
0.6856096129115308
0.6796850567535615
0.6856172609957277
0.689746498498683
0.6913321197195025
0.6893522865165146
0.6925084041114623
0.6896404872403981
0.6894835817379212
0.6857344575376927
0.6792930565354777
0.6665538520362372
0.6608159291368042
0.6500290279614299
0.6405372655615482
0.6263136985760849
0.6196851844907566
0.6131915356601215
0.6032617798533638
0.5904376476475105
0.5943997738002034
0.5869355982956835
0.5776097898766273
0.5666238665408634
0.5443378825262792
0.5636640902380152
0.5632871040447088
0.5387353960579631
0.5270243072088237
0.5391536109806425
0.5710420729113641
0.5695184789739044
0.5892472396091377
0.5933290972537962
0.5974984116861509
0.608681036971869
0.6242572081773151
0.6372274967967898
0.6173843416092543
0.6160624071469175
0.624972604226199
0.6251351787784176
0.6181293895630751
0.6090311795127576
0.6045103295496873
0.6161784091963353
0.6308762542748441
0.6515152963239057
0.6576392155701203
0.6625731793590882
0.670369995762973
0.6801458632378586
0.690089144943223
0.6961849563686907
0.699408661715635
0.7036723351271157
0.7072529204551362
0.7003181875648113
0.6894331072169384
0.6814403155871763
0.6688464734209268
0.6590016651307081
0.6424637759948285
0.6356585974144205
0.6384632888882521
0.643079392257798
0.6697759217536448
0.671519928280197
0.681720256531231
0.6884466624561216
0.6946352113589952
0.6929223313402121
0.6900885171027035
0.6794452917272497
0.6786740133540135
0.6755542383872931
0.6694797554197045
0.6627469804226139
0.6615775699788197
0.6682080997118418
0.6764960155667893
0.6825041247434526
0.686850733095953
0.6819443209943054
0.6756017714050976
0.6760576674099792
0.6696593005354926
0.6581216421393433
0.6540804805246756
0.6477872244485805
0.6500265824737579
0.6545553940082641
0.6620752237621471
0.6676434300768508
0.6774101173266351
0.6811621582808436
0.6806560533131201
0.6670220488671013
0.6689827477371987
0.6711894661068987
0.6756640903463365
0.6739732295370153
0.666348445396021
0.6552556973362217
0.645818379186914
0.6370676817084806
0.6283407117992985
0.6279582062585713
0.6287537017892271
0.6274795042717944
0.6451985589694846
0.6663821482594068
0.6654928751331264
0.6657050935989309
0.6698737523376387
0.6725646529148325
0.6572519821060506
0.6595383638215204
0.660168861929062
0.6673184744398476
0.6729901976971421
0.6792533442795498
0.6842604437754772
0.6900690468807245
0.691091975434475
0.6865614570660239
0.6864975269214861
0.675880253661422
0.6709134193996149
0.6661808956145111
0.6723138116786664
0.6744380600337599
0.6776245993948923
0.6809546632017331
0.6814229127198475
0.6797936143511518
0.6763306592014241
0.676653760293039
0.6786365631236883
0.6758114297047153
0.6823087227226358
0.6866814709419001
0.6894560534798484
0.6927980510102004
0.6887182391750279
0.6835370159201406
0.6805552665996246
0.6736037594923948
0.6694156922568886
0.6691500474049084
0.6699511511404727
0.6677239918741301
0.6642141044551514
0.6584208730518223
0.654955391427422
0.663197682861425
0.6668116767150127
0.6645350826753155
0.6570930585722716
0.6452342235571092
0.6398686247393882
0.6257458585496599
0.6099717909576124
0.5959078709662231
0.580420367581066
0.5676819117523636
0.5522492058129957
0.552441804107762
0.5665266383066982
0.5565959832284785
0.565127082223011
0.5714401718099601
0.5845590716923457
0.6124287482907703
0.6379717128248641
0.6573661495376967
0.6627722908857014
0.6731348583161062
0.6783081639588975
0.6853297092894022
0.6916170397906022
0.6956478283823224
0.6977450795823975
0.6996691322891372
0.7003535735071095
0.699616253605054
0.6975952396595474
0.6953168428462839
0.6905987040511459
0.685012974837058
0.6735472625863996
0.6622296240405293
0.6496201241426497
0.6379320389456747
0.637507787475913
0.6193365276230072
0.6088284000075258
0.5819185590601657
0.5776148677786891
0.6199896643311265
0.6387715405067987
0.644125770667616
0.6641982389544597
0.6753785957132616
0.6849106081559307
0.6954259798848302
0.6990160957300784
0.7033252137133418
0.7041216998596512
0.6998077690493
0.6980116086263204
0.6968086849933565
0.6906121462565195
0.6945682831954141
0.6871709194280499
0.6934599260245082
0.6914755699278874
0.6925360221677385
0.6798076546618594
0.6762020450947329
0.6779432064452028
0.6744420709932643
0.6841473760224883
0.6878705380215651
0.6859931964528518
0.68742040700878
0.6919253840981801
0.6887848949500444
0.6904534794876154
0.6849594963591288
0.6892841259070877
0.6890315827548821
0.6892222493429057
0.6719486774474036
0.6589529998647785
0.6562624497311332
0.6466100841222445
0.6490079291236179
0.6521640321895859
0.6517864236538502
0.6517970109035343
0.6509497806006636
0.6537562327140667
0.6495335933434845
0.6446541333172688
0.6509014555914767
0.6462745907133643
0.6274732274167112
0.6084850995858155
0.5875856619916501
0.583057204026088
0.5889226632899702
0.5918841209788742
0.609919607277734
0.6194509555684962
0.6368487687276625
0.6540702471506605
0.6681150748771849
0.6809244312619488
0.6913313112686226
0.698517152821577
0.692870258676114
0.6968210355448421
0.6910654168645783
0.6921209618195902
0.6894533915207389
0.6891580965179249
0.6871745728864306
0.6832388592070572
0.6790658163540214
0.6746628342114264
0.6798976495260451
0.6844337921903647
0.6860274716538598
0.6851164241368174
0.6813458141458835
0.6717610262960613
0.6551844167500355
0.6453136524457859
0.6352931513715784
0.6445723929605458
0.6511895260992703
0.662432679371077
0.6677694053493551
0.6751514896625843
0.6832781223117305
0.6936813493461792
0.6992394096163965
0.7011686156785917
0.7044805736156449
0.7026111362509624
0.6998714817897908
0.6971963957607833
0.6910903427054548
0.684775752451543
0.6748671978225729
0.6619081000362083
0.6477843966986497
0.6262597802699594
0.609533035212723
0.6052428639022109
0.6082472977034173
0.6122792460048744
0.5985350117914994
0.5959868828308565
0.5909381209317954
0.6112560611276709
0.6055532702140337
0.5893276464075463
0.5375626278393266
0.5619167965429608
0.5623218039176109
0.5721166358374782
0.5663936091758834
0.5615631312980826
0.5707016988159844
0.577468717295788
0.5924323155065336
0.611282431100824
0.6191952689824829
0.6295380086153979
0.6478285719805565
0.652501574115456
0.6586621727628628
0.649305917410584
0.6465035400131488
0.6373794746741658
0.6335882736224111
0.6388460359773948
0.6442965953214619
0.6549060778487564
0.6682455734352002
0.6834794267136145
0.6945995058966935
0.7064008418720944
0.7100108469609099
0.7124661877528236
0.7146553893779927
0.7179339866715365
0.7159680632578685
0.7070686051349976
0.6994779167001879
0.6866327327841103
0.6769952481263365
0.664177125080967
0.6513101702714925
0.6388556194120337
0.6180138438306679
0.6006436737907603
0.5973645472205236
0.6118354871854887
0.6253511233176745
0.6433872281264645
0.6430481875760765
0.6358083076243477
0.6318689124762145
0.6145134321863679
0.621169837087445
0.6224957128182252
0.6126543031078938
0.5947848270569217
0.5817002106691358
0.5545414147016137
0.5840069375285221
0.61371947392832
0.6155193707510371
0.6383210387735866
0.6487798440149319
0.6550543977154779
0.6422284571731263
0.6437710870451002
0.6450675640471687
0.6471440475313783
0.6503629658913033
0.649149664310116
0.6539570537463358
0.6463813116494175
0.6386000228966667
0.6282325690405289
0.6139271719580345
0.5914740943432993
0.6100734457128741
0.6060295395557324
0.6171279217505105
0.631947194824251
0.6483605756413842
0.6638962078090161
0.6793530336613223
0.6768841411017987
0.6783247008430464
0.674693888643661
0.6707604958665296
0.669753701057601
0.6651623459378322
0.6597977225237298
0.6608305213729648
0.6555842787795075
0.6473822867047242
0.6344303146893152
0.6296123029766818
0.6307243584143929
0.6346126255717746
0.6347084266866
0.6328430133425529
0.6349940877166086
0.6383119795117778
0.638027887671951
0.6432185868535437
0.6378887997216337
0.6243046019647087
0.6113027676631692
0.6144409321386436
0.5941629032718971
0.5890071910154995
0.5883279770868965
0.6068637394841285
0.6299968743332315
0.6140052681728608
0.6123938248684214
0.6100989211455472
0.6255480088475095
0.6284850260872673
0.5980336905444649
0.6101744892218142
0.611667234150247
0.6173626750350497
0.6153296023284596
0.6089197402250505
0.6029295696731686
0.605967477907444
0.5889892178441002
0.6093611747130443
0.6286748042674715
0.6422760952152172
0.6533293030956324
0.6641830440125004
0.6734059638460951
0.6765749357312039
0.6792353933548693
0.6781378875457351
0.6862772829702362
0.6810587167749433
0.6861484446202974
0.6872141282557732
0.6871783715268669
0.6859670785615859
0.6779240823290374
0.6758033360047168
0.6724541524152855
0.673942499617522
0.6679127285328154
0.6633991614079147
0.6699637113480531
0.6679388005223441
0.6595590968809573
0.6678361301189361
0.6690852918968376
0.6670994226729243
0.6677493064916185
0.6676617975988927
0.649233515777496
0.6502997784024908
0.6496558457199209
0.6618185274685249
0.6648335604362012
0.676536132767513
0.6787397149533524
0.6798034113535329
0.6798309380195726
0.6802324469042139
0.6850299855286369
0.684619464324432
0.6847849687754769
0.6718366876628939
0.6802863147072435
0.6741653925126599
0.6591628546754044
0.6575825955976662
0.6605517355622528
0.6300716557213829
0.6264314421882874
0.6147520446816579
0.6022768862912627
0.5949086153357361
0.5756148910912021
0.5759381111617422
0.5401071028421751
0.5608838696942247
0.5659975654820567
0.557499967072475
0.5491772267757272
0.5498254313966241
0.5633528201754536
0.5617106297406453
0.5317243679229188
0.5104781559117102
0.4909868636973458
0.5396417039910368
0.5803136879089491
0.6065714643420071
0.6272287424640023
0.6480335290103536
0.6609872038981817
0.6688116131783589
0.675020005461524
0.6729245064390713
0.6839966942642346
0.6904992282753104
0.6944249189877493
0.6945361485223466
0.6955127722712244
0.6967163344157299
0.696983317248567
0.7001486920395145
0.7012990644303142
0.700940902425043
0.6967100068479559
0.6926816830080998
0.688588955738167
0.6822713766636199
0.6745494446261701
0.6672621093555605
0.6591282627605293
0.6454388242814312
0.6319199992305158
0.6163013056648243
0.6263241236092816
0.6346919426995927
0.6351878896540697
0.6498774321311359
0.6643533891664851
0.6674438115413034
0.659683028155043
0.6525546586313038
0.6275191287407447
0.634716222260327
0.6428731428468391
0.6507155831333153
0.6610116485789975
0.665924497568165
0.6687665650144928
0.6799305126622952
0.6913614118537421
0.6956521690987354
0.6987433396311249
0.6954354080043733
0.6828727635867035
0.6785434643792614
0.6710199473076524
0.6662552632686582
0.6619868706973403
0.6540550629342001
0.6482323234817922
0.6502257554543258
0.6620819945809672
0.6742817252044807
0.6766980147557459
0.6775312930119608
0.6783487850866758
0.6831241038892268
0.6914786415525714
0.6810028725605307
0.6772971197881293
0.6848895369263708
0.6854257397903434
0.6841756910727714
0.6782180150754427
0.6551181675794588
0.6447373839011453
0.6207317036758688
0.6261625672729808
0.6306246901410235
0.6489672449356928
0.6483040053217438
0.640533736846461
0.6487373916098631
0.643577247371429
0.6412254132458515
0.6392833872217702
0.6361333702220708
0.6401509638192915
0.6435563796928454
0.6449368805889505
0.6489858543888739
0.6480218672566094
0.6489165750422834
0.6495036625738954
0.6525778475435197
0.6366641106003353
0.6245660016981989
0.6195088830507792
0.6407949594138669
0.6427783562175391
0.6302031560743282
0.6198153584210075
0.6167631776087217
0.6377289899472035
0.652330634715784
0.6678956839757082
0.678532493607285
0.6867692036570617
0.6934137032325373
0.7013953323666433
0.7047038700028999
0.7072404356777432
0.7085517373554264
0.7079028223563648
0.7076440799973502
0.7049708447034202
0.7016897393281525
0.6961840548199049
0.670961984425376
0.6522476324176124
0.6377998110063328
0.624798278174635
0.6338143475137151
0.6426284633496356
0.6483998189358736
0.6541334431381941
0.6735311797904806
0.6899165485540152
0.7009486615940119
0.7050933061749065
0.7080009705390984
0.7087613722168564
0.696832768418538
0.6941383664685267
0.6879604279764004
0.6792266886882411
0.6738589337467319
0.6631300344405647
0.6488224915963834
0.6282324411589114
0.6176953155955971
0.6264261708775887
0.6289027422271588
0.6233049945208425
0.6290066201972953
0.6389539472950786
0.6553552629255767
0.6580349036372994
0.639985302090442
0.6333341986639992
0.6398011184556723
0.6223179962736594
0.5537371357975986
0.5597264459876317
0.5506216965568543
0.5565214744913036
0.5517930292151136
0.5574974896931533
0.5578339149589085
0.5586192557688108
0.5655708598681224
0.5493960279305209
0.5658542539622196
0.5697219410980259
0.5722135261983615
0.5957656681432407
0.6202587338369971
0.6435253369127883
0.6592658479091511
0.6713996902479911
0.6781850716955372
0.6904857359840988
0.6961358344460149
0.6996961936567275
0.7002865688696256
0.7039386015370508
0.7019978208164787
0.7022204356758016
0.6959391945586841
0.6956502667630498
0.6904574617751236
0.6887638011916407
0.6802386972426455
0.6711464134327317
0.6567059014964793
0.6388792625243603
0.6145997333612826
0.6055207090652981
0.5871462881467918
0.5892254603289935
0.6037081492797466
0.6058340532993436
0.6250593057820295
0.6420457960337936
0.6597645763540444
0.6715246236166399
0.6786164484596072
0.6860688892545741
0.6916097502597512
0.6955864539036678
0.6873681667547228
0.6956699718287944
0.6968787509964121
0.6981408486573253
0.6958031871523394
0.6929348649717536
0.6815613162351712
0.6854527879320739
0.6845941093691578
0.6746437243918894
0.6748883391128898
0.6573279620160043
0.6181371119434873
0.5506081823551467
0.4950750100673398
0.5158140484087391
0.5672967644266201
0.6159500501716499
0.645228584762935
0.6629611030664965
0.671097956458872
0.6758322828074863
0.6808550119061566
0.6850966832296799
0.6889450854406504
0.6905561208878011
0.6970241198748216
0.6864928582556211
0.680396975555482
0.6788093194631454
0.6722470623122754
0.6690567157613799
0.6598657049660963
0.6560044867215448
0.6454572358173347
0.6268711999918056
0.6054206659266202
0.5860811503197235
0.5319557357936986
0.5349016336762402
0.5670336632882581
0.57879556267384
0.5773793501645955
0.5754273500823081
0.5645031054646887
0.5427717251936491
0.5219938820236952
0.5106782262341208
0.5299727515598288
0.5035487982739154
0.4972422879068751
0.4893915308664402
0.4904512722809423
0.5000508720110201
0.5268019781892889
0.5250867080901129
0.5208687014782049
0.4967140434897821
0.5209715287263325
0.539011318995724
0.563325251407053
0.5737840708220171
0.5732604967653252
0.5923412674019843
0.6054706019538225
0.6197022532309672
0.6331176997762368
0.6368387482716746
0.6280911057319348
0.629841227250634
0.6290598076937265
0.6093055531582958
0.6177379787537647
0.6219343582752457
0.6136503750199634
0.5979669385976333
0.5974342616165501
0.5501551155862074
0.5157561180772905
0.5322185293618683
0.5577387801190073
0.5806830887895393
0.6017075103385262
0.6076812886791144
0.6147473794252873
0.628854816193256
0.6188148849365583
0.6126784982711985
0.6186930074526356
0.6278115745642674
0.6382048318767688
0.6413061354506806
0.6511272687084365
0.6381673793283154
0.6186332421946681
0.6012894994329326
0.6013413754722712
0.5829724203769517
0.5640144243959254
0.5236377147943204
0.539788432254388
0.5886143988226793
0.6383519100455972
0.6546136621325654
0.613680497894551
0.5835601809704057
0.5994840555742723
0.6065239862597968
0.6058253302363857
0.6128013970634886
0.5937603342523871
0.6182835713691605
0.6349373536454679
0.6401727041209813
0.6527137912015735
0.6519600701271338
0.6451163995236547
0.6310981645826911
0.6541474579829102
0.6651076270244631
0.6753225208087658
0.6757066040691185
0.683357264775638
0.678450817808615
0.6738301726782766
0.6798759659048695
0.6812768130831155
0.6834505739991156
0.6847204745761427
0.6865545510376745
0.6825343992685998
0.6673625037455287
0.6590404422670766
0.6463406110204742
0.6320150406265739
0.6296921488184309
0.6278133420616308
0.6292565111265357
0.6258815545996533
0.6245741211295659
0.6248577825741956
0.62481310421013
0.6187038855738343
0.625081388848393
0.6165446355075689
0.5987248237983595
0.6001353660711879
0.5919696194115786
0.6077126512194477
0.626086237949892
0.6263427631808192
0.6355721725188082
0.6339303738528557
0.631052756140584
0.6013556037177902
0.5884834377514011
0.5923291511117121
0.6001829959637854
0.6205211917931475
0.623768703349606
0.6360591323597196
0.6511125513957687
0.6372226414987894
0.6452687671696907
0.6476738421092909
0.6399552902246479
0.6445458151217944
0.6341677334643888
0.6455333074441127
0.6439522778094581
0.6492236555068905
0.6482315279289458
0.6564443838694961
0.6569933772291905
0.6582383408472319
0.658734143693931
0.660112231032603
0.6576911469558219
0.643377884757475
0.6391326609425609
0.6395667613448955
0.6347268595988887
0.6408471316349471
0.6280128800327123
0.6328051060243394
0.6352899449755713
0.6236831230182061
0.6154850522923381
0.6105252611753729
0.6167989464639136
0.6181306383826017
0.6235541762862401
0.625399201066306
0.6289393666197596
0.6281913258440374
0.6252838809521112
0.628618275363697
0.6221158492361241
0.6301653241537122
0.6190728515857487
0.6191640155011283
0.6210261942730804
0.6238790870057732
0.6198276670805909
0.6229042580700901
0.6190024768297226
0.6186608726978735
0.593035833856328
0.5558754531732895
0.4968155916187835
0.537877090101863
0.5551782780566146
0.5867958064274982
0.5927536407920315
0.585365778335076
0.6035793331355601
0.5952698213867283
0.5984569474188752
0.608638368181868
0.6274128039983039
0.6453806195084899
0.6610252280154824
0.6671971909791667
0.6808271165787532
0.6905931548591314
0.6981732387330585
0.7008404220139788
0.7043581917848208
0.6943293135612398
0.696318495400275
0.696683927835018
0.6915709123734146
0.6748026329303755
0.6473591687571534
0.6457883952810474
0.6255099853644597
0.6112723864856755
0.6059335170874048
0.6086460529831126
0.596755831301545
0.6038606540488564
0.5524540864392659
0.5626279287303984
0.5620847501993812
0.5657309974822556
0.5668064248941497
0.5520188249579026
0.5260005479462342
0.4811010504712053
0.5054393095213147
0.5056613592831835
0.5044229573856114
0.5043568073945299
0.4942929232932393
0.4976056304091614
0.5450617311244828
0.5855745498168904
0.6114843486546037
0.6319211262630121
0.6408037490602575
0.6508553828474495
0.6627094784188609
0.6615271005858731
0.6548229862186542
0.6635074458242098
0.6623170140458146
0.6666079382352408
0.6560279739115336
0.6473086375807247
0.654591071931948
0.6693831274769457
0.6599887213730002
0.6327621465923131
0.6258012775994605
0.5864054680657623
0.5861605717864975
0.5813779240585175
0.5773746745665846
0.5803690884397824
0.5385806605952812
0.618124131721195
0.6603160980281079
0.6780784457887009
0.6823294728282377
0.6813922148553219
0.6818957527591947
0.6818514697909698
0.683917844640378
0.6937497394081155
0.7002363613281327
0.6803166762157276
0.6755343466493072
0.6764295147517853
0.6745041046785174
0.6750443357611722
0.6695435115842328
0.6465764220070894
0.6269798396125532
0.5903153458284618
0.5617150106373467
0.5442214925062532
0.5332962001707802
0.5021964220901569
0.4820957473890342
0.4593616079729742
0.4769083047491771
0.4980764871234962
0.5166994477447988
0.520754627465258
0.5309344721541025
0.5408976854750184
0.5537799073724182
0.5582082968083788
0.5590395692510582
0.5650747895732035
0.5726817051475731
0.5853248219190134
0.5906926272646194
0.5935925609816206
0.5892660027195679
0.5761130450665608
0.5649504166781792
0.5815244510376412
0.6059743962843687
0.6373732907949363
0.6502657942821648
0.6631673513124251
0.6848882745625033
0.6873513764277579
0.6923419017816314
0.6976335442569243
0.6875291771367764
0.6909559852392653
0.6827217284990181
0.6827235569253919
0.6871585894060052
0.67583943348432
0.6743169258172848
0.6691536506832042
0.6717466626494818
0.6611585332898311
0.664486746274733
0.6443335992045868
0.6302203234296093
0.6390534690538374
0.635025764987972
0.6255612948392303
0.636758928830838
0.6353137533807439
0.6076323198626055
0.5888755746852374
0.5930366827153943
0.6192032240297444
0.6374199656858034
0.6532825921680115
0.665852323227354
0.6668325526457106
0.6710370485115115
0.6777423100821315
0.6845404774744352
0.6963619188720216
0.6915341973921718
0.6918265786100677
