1.21275
1.2129
1.21275
1.2129
1.21275
1.2129
1.21275
1.2129
1.21275
1.2129
1.21275
1.2129
1.21275
1.2129
1.21275
1.2129
1.21275
1.2129
1.21275
1.2129
1.21275
1.2129
1.21275
1.2129
1.21275
1.2129
1.21275
1.2129
1.21275
1.2129
1.21266
1.21275
1.21266
1.21275
1.21266
1.21275
1.21266
1.21275
1.21266
1.21275
1.21266
1.21275
1.21266
1.21275
1.21266
1.21275
1.21266
1.21275
1.21266
1.21275
1.21266
1.21275
1.21266
1.21275
1.21266
1.21275
1.21266
1.21275
1.21266
1.21275
1.21266
1.21275
1.21266
1.21275
1.21266
1.21275
1.21266
1.21275
1.21266
1.21275
1.21266
1.21275
1.21266
1.21275
1.21266
1.21275
1.21266
1.21275
1.21266
1.21275
1.21266
1.21275
1.21266
1.21275
1.21266
1.21275
1.21266
1.21275
1.21266
1.21275
1.21266
1.21275
1.21266
1.21275
1.21266
1.21275
1.21266
1.21275
1.21266
1.21275
1.21263
1.21266
1.21275
1.21263
1.21266
1.21275
1.21263
1.21266
1.21275
1.21263
1.21266
1.21275
1.21263
1.21266
1.21275
1.21263
1.21266
1.21263
1.21266
1.21263
1.21266
1.21263
1.21266
1.21263
1.21266
1.21263
1.21266
1.21263
1.21266
1.21263
1.21266
1.21263
1.21266
1.21263
1.21266
1.21271
1.21263
1.21266
1.21271
1.21263
1.21266
1.21271
1.21263
1.21266
1.21271
1.21263
1.21266
1.21271
1.21263
1.21266
1.21271
1.21263
1.21266
1.21271
1.21263
1.21266
1.21271
1.21263
1.21266
1.21271
1.21263
1.21266
1.21271
1.21263
1.21266
1.21271
1.21263
1.21266
1.21271
1.21263
1.21266
1.21271
1.21263
1.21266
1.21271
1.21263
1.21266
1.21271
1.21263
1.21266
1.21271
1.21263
1.21266
1.21271
1.21263
1.21266
1.21271
1.21263
1.21266
1.21271
1.21263
1.21266
1.21271
1.21263
1.21266
1.21271
1.21263
1.21271
1.21263
1.21271
1.21263
1.21271
1.21263
1.21271
1.21263
1.213
1.21271
1.21263
1.213
1.21271
1.21263
1.21271
1.21263
1.21271
1.21263
1.21271
1.21263
1.21271
1.21263
1.21271
1.21263
1.21271
1.21263
1.21271
1.21263
1.21271
1.21263
1.21336
1.21271
1.21263
1.21336
1.21271
1.21263
1.21336
1.21271
1.21263
1.21336
1.21271
1.21263
1.21336
1.21271
1.21263
1.21336
1.21271
1.21263
1.21336
1.21271
1.21263
1.21336
1.21271
1.21263
1.21336
1.21271
1.21263
1.21336
1.21271
1.21263
1.21336
1.21271
1.21263
1.21336
1.21271
1.21263
1.21336
1.21271
1.21263
1.21336
1.21271
1.21263
1.21336
1.21271
1.21263
1.21336
1.21271
1.21263
1.21336
1.21271
1.21263
1.21336
1.21271
1.21263
1.21336
1.21271
1.21263
1.21336
1.21271
1.21263
1.21336
1.21271
1.21336
1.21271
1.21336
1.21271
1.21336
1.21271
1.21336
1.21271
1.21336
1.21271
1.21336
1.21271
1.21336
1.21271
1.21336
1.21271
1.21336
1.21271
1.21346
1.21336
1.21271
1.21346
1.21336
1.21271
1.21346
1.21336
1.21271
1.21346
1.21336
1.21271
1.21346
1.21336
1.21271
1.21346
1.21336
1.21346
1.21336
1.21346
1.21336
1.21346
1.21336
1.21346
1.21336
1.21346
1.21336
1.21346
1.21336
1.21346
1.21336
1.21346
1.21336
1.21346
1.21336
1.21346
1.21336
1.21346
1.21336
1.21346
1.21336
1.21346
1.21336
1.21346
1.21336
1.21346
1.21336
1.21346
1.21336
1.21346
1.21336
1.21346
1.21336
1.21346
1.21336
1.21346
1.21336
1.21346
1.21336
1.21346
1.21336
1.21346
1.21336
1.21346
1.21336
1.21346
1.21336
1.21346
1.21336
1.21346
1.21336
1.21346
1.21336
1.21346
1.21336
1.21396
1.21346
1.21336
1.21396
1.21346
1.21336
1.21396
1.21346
1.21336
1.21396
1.21346
1.21336
1.21396
1.21346
1.21336
1.21396
1.21346
1.21396
1.21346
1.21396
1.21346
1.21396
1.21346
1.21396
1.21346
1.21396
1.21346
1.21396
1.21346
1.21396
1.21346
1.21396
1.21346
1.21396
1.21346
1.21396
1.21346
1.21396
1.21346
1.21396
1.21346
1.21396
1.21346
1.21396
1.21346
1.21436
1.21396
1.21346
1.21436
1.21396
1.21346
1.21436
1.21396
1.21346
1.21436
1.21396
1.21346
1.21436
1.21396
1.21346
1.21436
1.21396
1.21346
1.21436
1.21396
1.21346
1.21436
1.21396
1.21346
1.21436
1.21396
1.21346
1.21436
1.21396
1.21346
1.21436
1.21396
1.21346
1.21436
1.21396
1.21346
1.21436
1.21396
1.21346
1.21436
1.21396
1.21346
1.21436
1.21396
1.21346
1.21436
1.21396
1.21436
1.21396
1.21436
1.21396
1.21436
1.21396
1.21436
1.21396
1.21436
1.21396
1.21436
1.21396
1.21436
1.21396
1.21436
1.21396
1.21436
1.21396
1.21436
1.21396
1.21436
1.21396
1.21436
1.21396
1.21436
1.21396
1.21436
1.21396
1.21436
1.21396
1.21436
1.21396
1.21436
1.21396
1.21436
1.21396
1.21436
1.21396
1.21436
1.21396
1.21436
1.21396
1.21436
1.21396
1.21436
1.21396
1.21436
1.21396
1.21436
1.21396
1.21436
1.21396
1.21436
1.21396
1.21436
1.21396
1.21436
1.21396
1.21436
1.21396
1.21436
1.21396
1.21436
1.21396
1.21436
1.21396
1.21436
1.21396
1.21436
1.21436
1.21436
1.21436
1.21436
1.21436
1.21436
1.21436
1.21436
1.21436
1.21252
1.21436
1.21252
1.21436
1.21252
1.21436
1.21252
1.21436
1.21252
1.21436
1.21252
1.21436
1.21252
1.21436
1.21252
1.21436
1.21252
1.21436
1.21252
1.21436
1.21252
1.21252
1.21252
1.21252
1.21252
1.21252
1.21252
1.21252
1.21252
1.21252
1.21252
1.21252
1.21252
1.21252
1.21252
1.21267
1.21252
1.21267
1.21252
1.21267
1.21252
1.21252
1.21252
1.21252
1.21252
1.21252
1.21252
1.21252
1.21276
1.21252
1.21276
1.21252
1.21276
1.21252
1.21276
1.21252
1.21276
1.21252
1.21276
1.21252
1.21276
1.21252
1.21276
1.21252
1.21276
1.21252
1.21276
1.21252
1.21276
1.21252
1.21276
1.21252
1.21276
1.21252
1.21276
1.21252
1.21276
1.21252
1.21276
1.21252
1.21276
1.21252
1.21276
1.21252
1.21276
1.21252
1.21276
1.21252
1.21276
1.21252
1.21276
1.21252
1.21276
1.21252
1.21276
1.21252
1.21276
1.21252
1.21276
1.21252
1.21276
1.21252
1.21276
1.21252
1.21276
1.21252
1.21276
1.21252
1.2127
1.21276
1.21252
1.2127
1.21276
1.21252
1.2127
1.21276
1.21252
1.21276
1.21252
1.21276
1.21252
1.21276
1.21276
1.21276
1.21276
1.21276
1.21276
1.21276
1.21276
1.21276
1.21276
1.21276
1.21276
1.21276
1.21276
1.21276
1.21276
1.21276
1.21276
1.21276
1.21276
1.21305
1.21276
1.21305
1.21276
1.21305
1.21276
1.21305
1.21276
1.21305
1.21276
1.21305
1.21276
1.21305
1.21276
1.21305
1.21276
1.21305
1.21276
1.21305
1.21276
1.21305
1.21276
1.21305
1.21276
1.21305
1.21276
1.21305
1.21276
1.21305
1.21276
1.21305
1.21305
1.21305
1.21305
1.21305
1.21305
1.21305
1.21305
1.21305
1.21305
1.21271
1.21305
1.21271
1.21305
1.21271
1.21305
1.21271
1.21305
1.21271
1.21305
1.21271
1.21305
1.21271
1.21305
1.21271
1.21305
1.21271
1.21305
1.21271
1.21305
1.21271
1.21305
1.21271
1.21305
1.21271
1.21305
1.21271
1.21305
1.21271
1.21305
1.21271
1.21305
1.21271
1.21305
1.21271
1.21305
1.21271
1.21305
1.21271
1.21305
1.21271
1.21305
1.21271
1.21305
1.21271
1.21305
1.21271
1.21305
1.21271
1.21305
1.21271
1.21305
1.21271
1.21305
1.21271
1.21305
1.21271
1.21305
1.21271
1.21305
1.21219
1.21271
1.21305
