31452.67
31458.05
31452.67
31458.05
31452.67
31458.05
31452.67
31458.05
31452.67
31458.05
31452.67
31458.05
31452.67
31458.05
31452.67
31458.05
31452.67
31458.05
31452.67
31458.05
31452.67
31458.05
31452.67
31458.05
31452.67
31458.05
31452.67
31458.05
31452.67
31458.05
31452.67
31458.05
31452.67
31458.05
31452.67
31458.05
31452.67
31458.05
31452.67
31458.05
31461.06
31452.67
31461.06
31452.67
31461.06
31452.67
31461.06
31452.67
31461.06
31452.67
31461.06
31452.67
31461.06
31452.67
31461.06
31452.67
31461.06
31452.67
31461.06
31452.67
31461.06
31452.67
31461.06
31452.67
31461.06
31452.67
31461.06
31452.67
31461.06
31452.67
31461.06
31452.67
31461.06
31452.67
31461.06
31452.67
31461.06
31452.67
31461.06
31452.67
31461.06
31452.67
31461.06
31452.67
31461.06
31452.67
31461.06
31452.67
31461.06
31452.67
31461.06
31452.67
31461.06
31452.67
31461.06
31452.67
31461.06
31452.67
31461.06
31452.67
31461.06
31461.06
31461.06
31461.06
31461.06
31461.06
31461.06
31461.06
31461.06
31461.06
31461.06
31461.06
31461.06
31461.06
31461.06
31461.06
31461.06
31461.06
31461.06
31461.06
31445.59
31461.06
31445.59
31461.06
31445.59
31461.06
31445.59
31461.06
31445.59
31461.06
31445.59
31461.06
31445.59
31461.06
31445.59
31461.06
31445.59
31461.06
31445.59
31461.06
31445.59
31461.06
31445.59
31461.06
31445.59
31461.06
31445.59
31461.06
31445.59
31461.06
31445.59
31461.06
31445.59
31461.06
31445.59
31461.06
31445.59
31461.06
31445.59
31461.06
31445.59
31445.59
31445.59
31445.59
31445.59
31445.59
31445.59
31445.59
31445.59
31445.59
31445.59
31445.59
31445.59
31445.59
31445.59
31445.59
31445.59
31445.59
31445.59
31445.59
31445.59
31445.59
31445.59
31445.59
31445.59
31499.76
31445.59
31499.76
31445.59
31499.76
31445.59
31499.76
31445.59
31499.76
31445.59
31499.76
31445.59
31499.76
31445.59
31499.76
31445.59
31499.76
31445.59
31499.76
31445.59
31499.76
31445.59
31499.76
31445.59
31499.76
31445.59
31499.76
31445.59
31499.76
31445.59
31499.76
31445.59
31499.76
31445.59
31499.76
31445.59
31499.76
31445.59
31499.76
31445.59
31499.76
31445.59
31499.76
31445.59
31499.76
31445.59
31499.76
31445.59
31499.76
31445.59
31499.76
31499.76
31499.76
31499.76
31499.76
31499.76
31499.76
31499.76
31499.76
31499.76
31470.6
31499.76
31470.6
31499.76
31470.6
31499.76
31470.6
31499.76
31470.6
31499.76
31470.6
31499.76
31470.6
31499.76
31470.6
31499.76
31470.6
31499.76
31470.6
31499.76
31470.6
31499.76
31470.6
31499.76
31470.6
31499.76
31470.6
31499.76
31470.6
31499.76
31470.6
31499.76
31470.6
31499.76
31470.6
31499.76
31470.6
31499.76
31470.6
31499.76
31470.6
31499.76
31470.6
31499.76
31470.6
31499.76
31470.6
31499.76
31470.6
31499.76
31470.6
31499.76
31470.6
31499.76
31470.6
31499.76
31470.6
31499.76
31470.6
31499.76
31470.6
31499.76
31470.6
31499.76
31470.6
31499.76
31470.6
31499.76
31470.6
31499.76
31470.6
31470.6
31470.6
31470.6
31470.6
31470.6
31470.6
31470.6
31470.6
31470.6
31474.6
31470.6
31474.6
31470.6
31474.6
31470.6
31474.6
31470.6
31474.6
31470.6
31474.6
31470.6
31474.6
31470.6
31474.6
31470.6
31474.6
31470.6
31474.6
31470.6
31474.6
31470.6
31474.6
31470.6
31474.6
31470.6
31474.6
31470.6
31474.6
31470.6
31474.6
31470.6
31474.6
31470.6
31474.6
31470.6
31474.6
31470.6
31474.6
31470.6
31474.6
31470.6
31474.6
31470.6
31474.6
31470.6
31474.6
31470.6
31474.6
31470.6
31474.6
31474.6
31474.6
31474.6
31474.6
31469.67
31474.6
31469.67
31474.6
31474.6
31474.6
31474.6
31474.6
31474.6
31474.6
31474.6
31474.6
31474.6
31474.6
31474.6
31474.6
31474.6
31473.12
31474.6
31473.12
31474.6
31473.12
31474.6
31473.12
31474.6
31473.12
31474.6
31473.12
31474.6
31473.12
31474.6
31473.12
31474.6
31473.12
31474.6
31473.12
31474.6
31473.12
31474.6
31473.12
31474.6
31473.12
31474.6
31473.12
31474.6
31473.12
31474.6
31473.12
31474.6
31473.12
31474.6
31473.12
31474.6
31473.12
31474.6
31473.12
31474.6
31473.12
31474.6
31473.12
31474.6
31473.12
31474.6
31473.12
31474.6
31473.12
31474.6
31473.12
31473.12
31473.12
31473.12
31473.12
31473.12
31473.12
31473.12
31473.12
31473.12
31459.69
31473.12
31459.69
31473.12
31459.69
31473.12
31459.69
31473.12
31459.69
31473.12
31459.69
31473.12
31459.69
31473.12
31459.69
31473.12
31459.69
31473.12
31459.69
31473.12
31459.69
31473.12
31459.69
31473.12
31459.69
31473.12
31459.69
31473.12
31459.69
31473.12
31460.13
31459.69
31473.12
31460.13
31459.69
31473.12
31459.69
31473.12
31459.69
31473.12
31459.69
31473.12
31459.69
31473.12
31459.69
31473.12
31459.69
31473.12
31459.69
31473.12
31459.69
31473.12
31459.69
31473.12
31459.69
31473.12
31459.69
31473.12
31459.69
31473.12
31459.69
31473.12
31459.69
31473.12
31459.69
31473.12
31459.69
31473.12
31459.69
31473.12
31459.69
31473.12
31459.69
31459.69
31459.69
31459.69
31459.69
31459.69
31459.69
31459.69
31459.69
31459.69
31459.69
31459.69
31459.69
31459.69
31459.69
31489.63
31459.69
31459.69
31459.69
31459.69
31459.69
31459.69
31459.69
31459.69
31459.69
31459.69
31499.62
31459.69
31499.62
31459.69
31499.62
31459.69
31499.62
31459.69
31499.62
31459.69
31499.62
31459.69
31499.62
31459.69
31499.62
31459.69
31499.62
31459.69
31499.62
31459.69
31499.62
31499.62
31499.62
31499.62
31499.62
31499.62
31499.62
31499.62
31499.62
31499.62
31499.62
31499.62
31499.62
31499.62
31499.62
31499.62
31499.62
31499.62
31499.62
31499.62
31499.62
31499.62
31499.62
31499.62
31499.62
31499.62
31499.62
31499.62
31499.62
31499.62
31499.62
31499.62
31499.62
31499.62
31499.62
31499.62
31499.62
31499.62
31499.62
31499.62
31499.62
31499.62
31499.62
31499.62
31499.62
31499.62
31499.62
31499.62
31499.62
31499.62
31499.62
31499.62
31499.62
31499.62
31499.62
31499.62
31499.62
31499.62
31499.62
31499.62
31471.85
31471.85
31471.85
31471.85
31471.85
31471.85
31471.85
31471.85
31471.85
31471.85
31471.85
31471.85
31471.85
31471.85
31471.85
31471.85
31471.85
31471.85
31471.85
31471.85
31471.85
31471.85
31471.85
31471.85
31471.85
31468.36
31471.85
31468.36
31471.85
31468.36
31471.85
31468.36
31471.85
31468.36
31471.85
31471.85
31471.85
31471.85
31471.85
31471.85
31471.85
31471.85
31471.85
31471.85
31471.85
31470.36
31471.85
31470.36
31471.85
31470.36
31471.85
31470.36
31471.85
31470.36
31471.85
31470.36
31471.85
31470.36
31471.85
31470.36
31471.85
31470.36
31471.85
31470.36
31471.85
31470.36
31471.85
31470.36
31471.85
31470.36
31471.85
31470.36
31471.85
31470.36
31471.85
31545.33
31470.36
31471.85
31545.33
31470.36
31471.85
31545.33
31470.36
31471.85
31545.33
31470.36
31471.85
31545.33
31470.36
31471.85
31545.33
31470.36
31471.85
31545.33
31470.36
31471.85
31545.33
31470.36
31471.85
31545.33
31470.36
31471.85
31545.33
31470.36
31471.85
31545.33
31470.36
31471.85
31545.33
31470.36
31471.85
31545.33
31470.36
31471.85
31545.33
31470.36
31471.85
31545.33
31470.36
31471.85
31545.33
31470.36
31545.33
31470.36
31545.33
31470.36
31545.33
31470.36
31545.33
31470.36
31545.33
31470.36
31545.33
31470.36
31545.33
31470.36
31545.33
31470.36
31545.33
31470.36
31545.33
31470.36
31545.33
31470.36
31545.33
31470.36
31545.33
31470.36
31545.33
31470.36
31545.33
31470.36
31545.33
31470.36
31545.33
31470.36
31545.33
31470.36
31545.33
31470.36
31515.35
31545.33
31470.36
31515.35
31545.33
31470.36
31515.35
31545.33
31470.36
31515.35
31545.33
31470.36
31515.35
31545.33
31470.36
31515.35
31545.33
31470.36
31515.35
31545.33
31470.36
31515.35
31545.33
31470.36
31515.35
31545.33
31470.36
31515.35
31545.33
31470.36
31515.35
31545.33
31470.36
31515.35
31545.33
31470.36
31515.35
31545.33
31470.36
31515.35
31545.33
31470.36
31515.35
31545.33
31470.36
31515.35
31545.33
31470.36
31515.35
31545.33
31470.36
31515.35
31545.33
31470.36
31515.35
31545.33
31470.36
31515.35
31545.33
31470.36
31506.87
31515.35
31545.33
31506.87
31515.35
31545.33
31506.87
31515.35
31545.33
31506.87
31515.35
31545.33
31506.87
31515.35
31545.33
31506.87
31515.35
31545.33
31506.87
31515.35
31545.33
31506.87
31515.35
31545.33
31506.87
31515.35
31545.33
31506.87
31515.35
31545.33
31506.87
31515.35
31545.33
31506.87
31515.35
31545.33
31506.87
31515.35
31545.33
31506.87
31515.35
31545.33
31506.87
31515.35
31545.33
31506.87
31515.35
31506.87
31515.35
31506.87
31515.35
31506.87
31515.35
31506.87
31515.35
31506.87
31515.35
31506.87
31515.35
31506.87
31515.35
31506.87
31515.35
31506.87
31515.35
31506.87
31515.35
31506.87
31515.35
31506.87
31515.35
31506.87
31515.35
31506.87
31515.35
31506.87
31515.35
31506.87
31515.35
31506.87
31515.35
31506.87
31515.35
31506.87
31515.35
31506.87
31515.35
31506.87
31515.35
31506.87
31515.35
31506.87
31515.35
31506.87
31515.35
31506.87
31515.35
31506.87
31515.35
31506.87
31515.35
31506.87
31515.35
31506.87
31515.35
31492.47
31506.87
31515.35
31492.47
31506.87
31515.35
31492.47
31506.87
31515.35
31492.47
31506.87
31515.35
31492.47
31506.87
31515.35
31492.47
31506.87
31492.47
31506.87
31492.47
31506.87
31492.47
31506.87
31492.47
31506.87
31492.47
31506.87
31492.47
31506.87
31492.47
31506.87
31492.47
31506.87
31492.47
31506.87
31492.47
31506.87
31492.47
31506.87
31492.47
31506.87
31492.47
31506.87
31492.47
31506.87
31492.47
31506.87
31492.47
31506.87
31492.47
31506.87
31492.47
31506.87
31492.47
31506.87
31492.47
31492.47
31492.47
31492.47
31492.47
31492.47
31492.47
31492.47
31492.47
31492.47
31492.47
31492.47
31492.47
31492.47
31492.47
31492.47
31492.47
31492.47
31492.47
31492.47
31492.47
31492.47
31492.47
31492.47
31492.47
31424.65
31492.47
31424.65
31492.47
31424.65
31492.47
31424.65
31492.47
31424.65
31492.47
31492.47
31492.47
31492.47
31492.47
31492.47
31432.48
31492.47
31432.48
31492.47
31432.48
31492.47
31432.48
31492.47
31432.48
31492.47
31432.48
31492.47
31432.48
31492.47
31432.48
31492.47
31432.48
31492.47
31432.48
31492.47
31432.48
31432.48
31432.48
31432.48
31432.48
31432.48
31432.48
31432.48
31432.48
31432.48
31432.48
31432.48
31432.48
31432.48
31432.48
31432.48
31432.48
31432.48
31432.48
31432.48
31432.48
31432.48
31432.48
31432.48
31432.48
31432.48
31432.48
31432.48
31432.48
31432.48
31432.48
31432.48
31432.48
31432.48
31432.48
31432.48
31432.48
31412.64
31432.48
31412.64
31432.48
31412.64
31432.48
31412.64
31432.48
31412.64
31432.48
31412.64
31432.48
31412.64
31432.48
31412.64
31432.48
31412.64
31432.48
31412.64
31432.48
31412.64
31432.48
31412.64
31432.48
31412.64
31432.48
31412.64
31432.48
31412.64
31432.48
31412.64
31432.48
31412.64
31432.48
31412.64
31432.48
31412.64
31432.48
31412.64
31432.48
31387.6
31412.64
31432.48
31387.6
31412.64
31432.48
31387.6
31412.64
31432.48
31387.6
31412.64
31432.48
31387.6
31412.64
31432.48
31387.6
31412.64
31387.6
31412.64
31387.6
31412.64
31387.6
31412.64
31387.6
31412.64
31387.6
31412.64
31387.6
31412.64
31387.6
31412.64
31387.6
31412.64
31387.6
31412.64
31387.6
31412.64
31387.6
31412.64
31387.6
31412.64
31387.6
31412.64
31387.6
31412.64
31387.6
31412.64
31387.6
31412.64
31387.6
31412.64
31387.6
31412.64
31387.6
31412.64
31387.6
31412.64
31387.6
31412.64
31387.6
31412.64
31387.6
31412.64
31387.6
31412.64
31387.6
31412.64
31387.6
31412.64
31387.6
31412.64
31387.6
31412.64
31387.6
31412.64
31387.6
31412.64
31387.6
31412.64
31406.46
31387.6
31412.64
31406.46
31387.6
31412.64
31406.46
31387.6
31412.64
31406.46
31387.6
31412.64
31406.46
31387.6
31412.64
31406.46
31387.6
31412.64
31406.46
31387.6
31412.64
31406.46
31387.6
31412.64
31406.46
31387.6
31412.64
31406.46
31387.6
31412.64
31406.46
31387.6
31412.64
31406.46
31387.6
31412.64
31406.46
31387.6
31412.64
31406.46
31387.6
31412.64
31406.46
31387.6
31412.64
31404.62
31406.46
31387.6
31404.62
31406.46
31387.6
31404.62
31406.46
31387.6
31404.62
31406.46
31387.6
31404.62
31406.46
31387.6
31404.62
31406.46
31387.6
31404.62
31406.46
31387.6
31404.62
31406.46
31387.6
31404.62
31406.46
31387.6
31404.62
31406.46
31387.6
31404.62
31406.46
31387.6
31404.62
31406.46
31387.6
31404.62
31406.46
31387.6
31404.62
31406.46
31387.6
31404.62
31406.46
31387.6
31404.62
31406.46
31387.6
31404.62
31406.46
31387.6
31404.62
31406.46
31387.6
31404.62
31406.46
31387.6
31404.62
31406.46
31387.6
31404.62
31406.46
31404.62
31406.46
31404.62
31406.46
31404.62
31406.46
31404.62
31406.46
31427.58
31404.62
31406.46
31404.62
31406.46
31404.62
31406.46
31404.62
31406.46
31404.62
31406.46
31404.62
31406.46
31404.62
31406.46
31404.62
31406.46
31404.62
31406.46
31404.62
31406.46
31429.2
31404.62
31406.46
31429.2
31404.62
31406.46
31429.2
31404.62
31406.46
31429.2
31404.62
31406.46
31429.2
31404.62
31406.46
31429.2
31404.62
31406.46
31429.2
31404.62
31406.46
31429.2
31404.62
31406.46
31429.2
31404.62
31406.46
31429.2
31404.62
31406.46
31429.2
31404.62
31406.46
31429.2
31404.62
31406.46
31429.2
31404.62
31406.46
31429.2
31404.62
31406.46
31429.2
31404.62
31406.46
31429.2
31404.62
31406.46
31429.2
31404.62
31406.46
31429.2
31404.62
31406.46
31429.2
31404.62
31406.46
31429.2
31404.62
31406.46
31420.39
31429.2
31404.62
31420.39
31429.2
31404.62
31420.39
31429.2
31404.62
31420.39
31429.2
31404.62
31420.39
31429.2
31404.62
31420.39
31429.2
31404.62
31420.39
31429.2
31404.62
31420.39
31429.2
31404.62
31420.39
31429.2
31404.62
31420.39
31429.2
31404.62
31420.39
31429.2
31404.62
31420.39
31429.2
31404.62
31420.39
31429.2
31404.62
31420.39
31429.2
31404.62
31420.39
31429.2
31404.62
31420.39
31429.2
31420.39
31429.2
31420.39
31429.2
31420.39
31429.2
31420.39
31429.2
31420.39
31429.2
31420.39
31429.2
31420.39
31429.2
31420.39
31429.2
31420.39
31429.2
31420.39
31429.2
31420.39
31429.2
31420.39
31429.2
31420.39
31429.2
31420.39
31429.2
31465.87
31420.39
31429.2
31465.87
31420.39
31429.2
31465.87
31420.39
31429.2
31465.87
31420.39
31429.2
31465.87
31420.39
31429.2
31465.87
31420.39
31429.2
31465.87
31420.39
31429.2
31465.87
31420.39
31429.2
31465.87
31420.39
31429.2
31465.87
31420.39
31429.2
31465.87
31420.39
31429.2
31465.87
31420.39
31429.2
31465.87
31420.39
31429.2
31465.87
31420.39
31429.2
31465.87
31420.39
31429.2
31465.87
31420.39
31429.2
31465.87
31420.39
31429.2
31465.87
31420.39
31429.2
31465.87
31420.39
31429.2
31465.87
31420.39
31429.2
31483.08
31502.58
31483.08
31502.58
31483.08
31502.58
31485.03
31483.08
31502.58
31485.03
31483.08
31502.58
31485.03
31483.08
31502.58
31485.03
31483.08
31502.58
31485.03
31483.08
31502.58
31485.03
31483.08
31485.03
31483.08
31485.03
31483.08
31485.03
31483.08
31485.03
31483.08
31485.03
31483.08
31485.03
31483.08
31485.03
31483.08
31485.03
31483.08
31485.03
31483.08
31485.03
31483.08
31485.03
31483.08
31485.03
31483.08
31485.03
31483.08
31485.03
31483.08
31485.03
31483.08
31485.03
31483.08
31485.03
31483.08
31485.03
31483.08
31485.03
31483.08
31485.03
31483.08
31485.03
31483.08
31485.03
31483.08
31485.03
31483.08
31485.03
31483.08
31485.03
31485.03
31485.03
31485.03
31485.03
31485.03
31485.03
31485.03
31485.03
31485.03
31485.03
31485.03
31485.03
31485.03
31485.03
31485.03
31485.03
31485.03
31485.03
31485.03
31488.52
31485.03
31488.52
31485.03
31488.52
31485.03
31488.52
31485.03
31488.52
31485.03
31488.52
31485.03
31488.52
31485.03
31488.52
31485.03
31488.52
31485.03
31488.52
31485.03
31488.52
31485.03
31488.52
31485.03
31488.52
31485.03
31488.52
31485.03
31488.52
31485.03
31488.52
31485.03
31488.52
31485.03
31488.52
31485.03
31488.52
31485.03
31488.52
31485.03
31488.52
31488.52
31488.52
31488.52
31488.52
31486.03
31488.52
31486.03
31488.52
31486.03
31488.52
31486.03
31488.52
31486.03
31488.52
31486.03
31488.52
31486.03
31488.52
31486.03
31488.52
31486.03
31488.52
31486.03
31488.52
31486.03
31488.52
31486.03
31488.52
31486.03
31488.52
31486.03
31488.52
31486.03
31488.52
31486.03
31488.52
31486.03
31488.52
31486.03
31488.52
31486.03
31488.52
31486.03
31488.52
31486.03
31488.52
31486.03
31488.52
31486.03
31488.52
31486.03
31488.52
31486.03
31488.52
31477.53
31486.03
31488.52
31477.53
31486.03
31488.52
31477.53
31486.03
31488.52
31477.53
31486.03
31488.52
31477.53
31486.03
31488.52
31477.53
31486.03
31488.52
31477.53
31486.03
31488.52
31477.53
31486.03
31488.52
31477.53
31486.03
31488.52
31477.53
31486.03
31488.52
31477.53
31486.03
31488.52
31477.53
31486.03
31488.52
31477.53
31486.03
31488.52
31477.53
31486.03
31488.52
31477.53
31486.03
31488.52
31477.53
31486.03
31488.52
31477.53
31486.03
31488.52
31477.53
31486.03
31488.52
31477.53
31486.03
31488.52
31477.53
31486.03
31488.52
31477.53
31486.03
31477.53
31486.03
31477.53
31486.03
31477.53
31486.03
31477.53
31486.03
31536.35
31477.53
31486.03
31536.35
31477.53
31486.03
31477.53
31486.03
31477.53
31486.03
31477.53
31486.03
31477.53
31486.03
31477.53
31486.03
31477.53
31486.03
31477.53
31486.03
31477.53
31486.03
31541.21
31477.53
31486.03
31541.21
31477.53
31486.03
31541.21
31477.53
31486.03
31541.21
31477.53
31486.03
31541.21
31477.53
31486.03
31541.21
31477.53
31486.03
31541.21
31477.53
31486.03
31541.21
31477.53
31486.03
31541.21
31477.53
31486.03
31541.21
31477.53
31486.03
31541.21
31477.53
31541.21
31477.53
31541.21
31477.53
31541.21
31477.53
31541.21
31477.53
31541.21
31477.53
31541.21
31477.53
31541.21
31477.53
31541.21
31477.53
31541.21
31477.53
31541.21
31477.53
31541.21
31477.53
31541.21
31477.53
31541.21
31477.53
31541.21
31477.53
31541.21
31477.53
31541.21
31477.53
31541.21
31477.53
31541.21
31477.53
31541.21
31477.53
31541.21
31477.53
31541.21
31477.53
31541.21
31477.53
31541.21
31477.53
31541.21
31477.53
31517.55
31541.21
31517.55
31541.21
31517.55
31541.21
31517.55
31541.21
31517.55
31541.21
31517.55
31541.21
31517.55
31541.21
31517.55
31541.21
31517.55
31541.21
31517.55
31541.21
31517.55
31541.21
31517.55
31541.21
31517.55
31541.21
31517.55
31541.21
31517.55
31541.21
31517.55
31541.21
31517.55
31541.21
31517.55
31541.21
31517.55
31541.21
31517.55
31541.21
31517.55
31541.21
31517.55
31541.21
31517.55
31541.21
31517.55
31541.21
31517.55
31541.21
31517.55
31541.21
31517.55
31541.21
31517.55
31541.21
31517.55
31541.21
31517.55
31541.21
31502.6
31517.55
31541.21
31502.6
31517.55
31541.21
31502.6
31517.55
31541.21
31502.6
31517.55
31541.21
31502.6
31517.55
31541.21
31502.6
31517.55
31502.6
31517.55
31502.6
31517.55
31502.6
31517.55
31502.6
31517.55
31502.6
31517.55
31502.6
31517.55
31502.6
31517.55
31502.6
31517.55
31502.6
31517.55
31502.6
31517.55
31502.6
31517.55
31502.6
31517.55
31502.6
31517.55
31502.6
31517.55
31502.6
31517.55
31502.6
31517.55
31502.6
31517.55
31502.6
31517.55
31502.6
31517.55
31502.6
31517.55
31502.6
31517.55
31502.6
31517.55
31502.6
31517.55
31502.6
31517.55
31502.6
31517.55
31502.6
31517.55
31502.6
31517.55
31502.6
31517.55
31502.6
31517.55
31502.6
31517.55
31502.6
31517.55
31502.6
31517.55
31502.6
31517.55
31502.6
31517.55
31502.6
31502.6
31502.6
31502.6
31502.6
31457.05
31502.6
31457.05
31502.6
31457.05
31502.6
31457.05
31502.6
31457.05
31502.6
31457.05
31502.6
31457.05
31502.6
31457.05
31502.6
31457.05
31502.6
31457.05
31502.6
31457.05
31502.6
31457.05
31502.6
31457.05
31502.6
31457.05
31502.6
31457.05
31502.6
31457.05
31502.6
31457.05
31502.6
31457.05
31502.6
31457.05
31502.6
31457.05
31502.6
31457.05
31502.6
31457.05
31502.6
31457.05
31502.6
31457.05
31502.6
31457.05
31502.6
31457.05
31457.05
31457.05
31457.05
31457.05
31457.05
31457.05
31457.05
31457.05
31457.05
31457.05
31457.05
31457.05
31457.05
31457.05
31457.05
31457.05
31457.05
31457.05
31457.05
31457.05
31457.05
31457.05
31457.05
31457.05
31457.05
31457.05
31457.05
31457.05
31457.05
31457.05
31457.05
31457.05
31457.05
31457.05
31347.12
31457.05
31347.12
31457.05
31347.12
31457.05
31347.12
31457.05
31347.12
31457.05
31347.12
31457.05
31347.12
31457.05
31347.12
31457.05
31347.12
31457.05
31347.12
31457.05
31347.12
31347.12
31347.12
31347.12
31347.12
31347.12
31347.12
31347.12
31347.12
31347.12
31320.07
31347.12
31320.07
31347.12
31320.07
31347.12
31320.07
31347.12
31320.07
31347.12
31320.07
31347.12
31320.07
31347.12
31320.07
31347.12
31320.07
31347.12
31320.07
31347.12
31320.07
31347.12
31320.07
31347.12
31320.07
31347.12
31320.07
31347.12
31320.07
31347.12
31320.07
31347.12
31320.07
31347.12
31320.07
31347.12
31320.07
31347.12
31320.07
31347.12
31320.07
31347.12
31320.07
31347.12
31320.07
31347.12
31320.07
31347.12
31320.07
31347.12
31358.4
31320.07
31347.12
31358.4
31320.07
31347.12
31358.4
31320.07
31347.12
31358.4
31320.07
31347.12
31358.4
31320.07
31347.12
31358.4
31320.07
31347.12
31358.4
31320.07
31347.12
31358.4
31320.07
31347.12
31358.4
31320.07
31347.12
31358.4
31320.07
31347.12
31358.4
31320.07
31347.12
31358.4
31320.07
31347.12
31358.4
31320.07
31347.12
31358.4
31320.07
31347.12
31358.4
31320.07
31347.12
31358.4
31320.07
31347.12
31358.4
31320.07
31347.12
31358.4
31320.07
31347.12
31358.4
31320.07
31347.12
31358.4
31320.07
31347.12
31353.82
31358.4
31320.07
31347.12
31353.82
31358.4
31320.07
31347.12
31353.82
31358.4
31320.07
31347.12
31353.82
31358.4
31320.07
31347.12
31353.82
31358.4
31320.07
31347.12
31353.82
31358.4
31320.07
31353.82
31358.4
31320.07
31353.82
31358.4
31320.07
31353.82
31358.4
31320.07
31353.82
31358.4
31320.07
31353.82
31358.4
31320.07
31353.82
31358.4
31320.07
31353.82
31358.4
31320.07
31353.82
31358.4
31320.07
31353.82
31358.4
31320.07
31353.82
31358.4
31320.07
31353.82
31358.4
31320.07
31353.82
31358.4
31320.07
31353.82
31358.4
31320.07
31353.82
31358.4
31320.07
31353.82
31358.4
31320.07
31353.82
31358.4
31320.07
31353.82
31358.4
31320.07
31353.82
31358.4
31320.07
31353.82
31358.4
31320.07
31353.82
31358.4
31353.82
31358.4
31353.82
31358.4
31353.82
31358.4
31353.82
31358.4
31353.82
31358.4
31353.82
31358.4
31353.82
31358.4
31353.82
31358.4
31353.82
31358.4
31353.82
31358.4
31353.82
31358.4
31353.82
31358.4
31353.82
31358.4
31353.82
31358.4
31353.82
31358.4
31353.82
31358.4
31353.82
31358.4
31353.82
31358.4
31353.82
31358.4
31337.42
31353.82
31358.4
31337.42
31353.82
31358.4
31337.42
31353.82
31358.4
31337.42
31353.82
31358.4
31337.42
31353.82
31358.4
31337.42
31353.82
31337.42
31353.82
31337.42
31353.82
31337.42
31353.82
31337.42
31353.82
31337.42
31353.82
31337.42
31353.82
31337.42
31353.82
31337.42
31353.82
31337.42
31353.82
31337.42
31353.82
31337.42
31353.82
31337.42
31353.82
31337.42
31353.82
31337.42
31353.82
31337.42
31353.82
31337.42
31353.82
31337.42
31353.82
31337.42
31353.82
31337.42
31353.82
31420.56
31420.56
31420.56
31420.56
31420.56
31420.56
31420.56
31420.56
31420.56
31414.57
31420.56
31414.57
31420.56
31414.57
31420.56
31414.57
31420.56
31414.57
31420.56
31414.57
31420.56
31414.57
31420.56
31414.57
31420.56
31414.57
31420.56
31414.57
31420.56
31414.57
31420.56
31414.57
31420.56
31414.57
31420.56
31414.57
31420.56
31414.57
31420.56
31414.57
31420.56
31414.57
31420.56
31414.57
31420.56
31414.57
31420.56
31414.57
31420.56
31394.58
31414.57
31420.56
31394.58
31414.57
31420.56
31394.58
31414.57
31420.56
31394.58
31414.57
31420.56
31394.58
31414.57
31420.56
31394.58
31414.57
31420.56
31394.58
31414.57
31420.56
31394.58
31414.57
31420.56
31394.58
31414.57
31420.56
31394.58
31414.57
31420.56
31394.58
31414.57
31420.56
31394.58
31414.57
31420.56
31394.58
31414.57
31420.56
31394.58
31414.57
31420.56
31394.58
31414.57
31420.56
31394.58
31414.57
31420.56
31394.58
31414.57
31420.56
31394.58
31414.57
31420.56
31394.58
31414.57
31420.56
31394.58
31414.57
31420.56
31394.58
31414.57
31394.58
31414.57
31394.58
31414.57
31394.58
31414.57
31394.58
31414.57
31388.46
31394.58
31414.57
31388.46
31394.58
31414.57
31394.58
31414.57
31394.58
31414.57
31394.58
31414.57
31394.58
31414.57
31394.58
31414.57
31394.58
31414.57
31394.58
31414.57
31394.58
31414.57
31390.46
31394.58
31414.57
31390.46
31394.58
31414.57
31390.46
31394.58
31414.57
31390.46
31394.58
31414.57
31390.46
31394.58
31414.57
31390.46
31394.58
31414.57
31390.46
31394.58
31414.57
31390.46
31394.58
31414.57
31390.46
31394.58
31414.57
31390.46
31394.58
31414.57
31390.46
31394.58
31414.57
31390.46
31394.58
31414.57
31390.46
31394.58
31414.57
31390.46
31394.58
31414.57
31390.46
31394.58
31414.57
31390.46
31394.58
31390.46
31394.58
31390.46
31394.58
31390.46
31394.58
31390.46
31394.58
31390.46
31394.58
31390.46
31394.58
31390.46
31394.58
31390.46
31394.58
31390.46
31394.58
31390.46
31394.58
31390.46
31394.58
31390.46
31394.58
31390.46
31394.58
31390.46
31394.58
31392.46
31390.46
31394.58
31392.46
31390.46
31394.58
31392.46
31390.46
31394.58
31390.46
31394.58
31390.46
31394.58
31390.46
31390.46
31390.46
31390.46
31390.46
31393.04
31390.46
31393.04
31390.46
31393.04
31390.46
31393.04
31390.46
31393.04
31390.46
31393.04
31390.46
31393.04
31390.46
31393.04
31390.46
31393.04
31390.46
31393.04
31390.46
31393.04
31390.46
31393.04
31390.46
31393.04
31390.46
31393.04
31390.46
31393.04
31390.46
31393.04
31390.46
31393.04
31390.46
31393.04
31390.46
31393.04
31390.46
31393.04
31390.46
31393.04
31390.46
31393.04
31390.46
31393.04
31390.46
31393.04
31390.46
31393.04
31390.46
31390.95
31393.04
31390.46
31393.04
31390.46
31393.04
31390.46
31393.04
31390.46
31393.04
31390.46
31393.04
31393.04
31393.04
31393.04
31393.04
31393.04
31393.04
31393.04
31393.04
31393.04
31403.95
31393.04
31403.95
31393.04
31403.95
31393.04
31403.95
31393.04
31403.95
31393.04
31403.95
31393.04
31403.95
31393.04
31403.95
31393.04
31403.95
31393.04
31403.95
31393.04
31403.95
31393.04
31403.95
31393.04
31403.95
31393.04
31403.95
31393.04
31403.95
31393.04
31403.95
31393.04
31403.95
31393.04
31403.95
31393.04
31403.95
31393.04
31403.95
31393.04
31403.95
31393.04
31403.95
31393.04
31403.95
31393.04
31403.95
31393.04
31403.95
31393.04
31403.95
31393.04
31403.95
31393.04
31403.95
31393.04
31403.95
31393.04
31403.95
31393.04
31403.95
31403.95
31403.95
31403.95
31403.95
31403.95
31403.95
31403.95
31403.95
31403.95
31403.95
31403.95
31403.95
31403.95
31403.95
31348.0
31403.95
31348.0
31403.95
31348.0
31403.95
31348.0
31403.95
31348.0
31403.95
31348.0
31403.95
31348.0
31403.95
31348.0
31403.95
31348.0
31403.95
31348.0
31403.95
31348.0
31403.95
31348.0
31403.95
31348.0
31403.95
31348.0
31403.95
31348.0
31403.95
31348.0
31403.95
31348.0
31403.95
31348.0
31403.95
31348.0
31403.95
31348.0
31403.95
31348.0
31403.95
31348.0
31403.95
31348.0
31403.95
31348.0
31403.95
31348.0
31403.95
31348.0
31348.0
31348.0
31348.0
31348.0
31357.0
31348.0
31357.0
31348.0
31348.0
31348.0
31348.0
31348.0
31348.0
31348.0
31348.0
31348.0
31348.0
31348.0
31348.0
31348.0
31348.0
31366.99
31348.0
31366.99
31348.0
31366.99
31348.0
31348.0
31348.0
31348.0
31348.0
31348.0
31348.0
31348.0
31348.0
31348.0
31348.0
31348.0
31348.0
31348.0
31348.0
31348.0
31348.0
31348.0
31371.99
31348.0
31371.99
31348.0
31371.99
31348.0
31371.99
31348.0
31371.99
31348.0
31371.99
31371.99
31371.99
31371.99
31371.99
31371.99
31371.99
31371.99
31371.99
31371.99
31371.99
31371.99
31371.99
31371.99
31371.99
31376.51
31371.99
31376.51
31371.99
31376.51
31371.99
31376.51
31371.99
31376.51
31371.99
31376.51
31371.99
31376.51
31371.99
31376.51
31371.99
31376.51
31371.99
31376.51
31371.99
31376.51
31371.99
31376.51
31371.99
31376.51
31371.99
31376.51
31371.99
31376.51
31371.99
31376.51
31371.99
31376.51
31371.99
31376.51
31371.99
31376.51
31371.99
31376.51
31371.99
31376.02
31376.51
31371.99
31376.51
31371.99
31376.51
31371.99
31376.51
31371.99
31376.51
31371.99
31376.51
31371.99
31376.51
31371.99
31376.51
31371.99
31376.51
31371.99
31376.51
31371.99
31381.02
31376.51
31371.99
31381.02
31376.51
31371.99
31376.51
31371.99
31376.51
31371.99
31376.51
31371.99
31376.51
31371.99
31376.51
31371.99
31376.51
31371.99
31376.51
31371.99
31376.51
31371.99
31381.02
31376.51
31371.99
31381.02
31376.51
31371.99
31381.02
31376.51
31371.99
31381.02
31376.51
31371.99
31381.02
31376.51
31371.99
31381.02
31376.51
31371.99
31381.02
31376.51
31371.99
31381.02
31376.51
31371.99
31381.02
31376.51
31371.99
31381.02
31376.51
31371.99
31381.02
31376.51
31381.02
31376.51
31381.02
31376.51
31381.02
31376.51
31381.02
31376.51
31381.02
31376.51
31381.02
31376.51
31381.02
31376.51
31381.02
31376.51
31381.02
31376.51
31381.02
31376.51
31381.02
31376.51
31381.02
31376.51
31381.02
31376.51
31381.02
31376.51
31381.02
31376.51
31381.02
31376.51
31381.02
31376.51
31381.02
31376.51
31381.02
31376.51
31381.02
31381.02
31381.02
31381.02
31381.02
31364.53
31381.02
31364.53
31381.02
31364.53
31381.02
31364.53
31381.02
31381.02
31381.02
31381.02
31381.02
31381.02
31381.02
31381.02
31381.02
31381.02
31381.02
31381.02
31381.02
31381.02
31381.02
31381.02
31381.02
31399.13
31381.02
31399.13
31381.02
31399.13
31381.02
31399.13
31381.02
31399.13
31381.02
31399.13
31381.02
31399.13
31381.02
31399.13
31381.02
31399.13
31381.02
31399.13
31381.02
31399.13
31381.02
31399.13
31381.02
31399.13
31381.02
31399.13
31381.02
31399.13
31381.02
31399.13
31399.13
31399.13
31399.13
31399.13
31399.13
31399.13
31399.13
31399.13
31399.13
31399.13
31399.13
31399.13
31399.13
31399.13
31399.13
31399.13
31399.13
31399.13
31399.13
31410.64
31399.13
31410.64
31399.13
31410.64
31399.13
31410.64
31399.13
31410.64
31399.13
31410.64
31399.13
31410.64
31399.13
31410.64
31399.13
31410.64
31399.13
31410.64
31399.13
31410.64
31399.13
31410.64
31399.13
31410.64
31399.13
31410.64
31399.13
31410.64
31399.13
31410.64
31399.13
31410.64
31399.13
31410.64
31399.13
31410.64
31399.13
31410.64
31399.13
31410.64
31399.13
31410.64
31399.13
31410.64
31399.13
31410.64
31399.13
31410.64
31399.13
31410.64
31399.13
31410.64
31399.13
31410.64
31399.13
31410.64
31399.13
31410.64
31399.13
31415.73
31410.64
31399.13
31415.73
31410.64
31399.13
31415.73
31410.64
31399.13
31415.73
31410.64
31399.13
31415.73
31410.64
31399.13
31415.73
31410.64
31415.73
31410.64
31415.73
31410.64
31415.73
31410.64
31415.73
31410.64
31415.73
31410.64
31415.73
31410.64
31415.73
31410.64
31415.73
31410.64
31415.73
31410.64
31415.73
31410.64
31415.73
31410.64
31415.73
31410.64
31415.73
31410.64
31415.73
31410.64
31408.16
31415.73
31410.64
31408.16
31415.73
31410.64
31408.16
31415.73
31410.64
31408.16
31415.73
31410.64
31408.16
31415.73
31410.64
31408.16
31415.73
31410.64
31408.16
31415.73
31410.64
31408.16
31415.73
31410.64
31408.16
31415.73
31410.64
31408.16
31415.73
31410.64
31408.16
31415.73
31410.64
31408.16
31415.73
31410.64
31408.16
31415.73
31410.64
31408.16
31415.73
31410.64
31408.16
31415.73
31410.64
31415.66
31408.16
31415.73
31410.64
31415.66
31408.16
31415.73
31410.64
31415.66
31408.16
31415.73
31410.64
31415.66
31408.16
31415.73
31410.64
31415.66
31408.16
31415.73
31410.64
31415.66
31408.16
31415.73
31415.66
31408.16
31415.73
31415.66
31408.16
31415.73
31415.66
31408.16
31415.73
31415.66
31408.16
31415.73
31415.66
31408.16
31415.73
31415.66
31408.16
31415.73
31415.66
31408.16
31415.73
31415.66
31408.16
31415.73
31415.66
31408.16
31415.73
31415.66
31408.16
31415.73
31415.66
31408.16
31415.73
31415.66
31408.16
31415.73
31415.66
31408.16
31415.73
31415.66
31408.16
31415.73
31415.66
31408.16
31415.73
31415.66
31408.16
31415.73
31415.66
31408.16
31415.73
31415.66
31408.16
31415.73
31415.66
31408.16
31415.73
31394.68
31415.66
31408.16
31415.73
31394.68
31415.66
31408.16
31415.73
31394.68
31415.66
31408.16
31415.73
31394.68
31415.66
31408.16
31415.73
31394.68
31415.66
31408.16
31415.73
31394.68
31415.66
31408.16
31415.73
31394.68
31415.66
31408.16
31415.73
31394.68
31415.66
31408.16
31415.73
31394.68
31415.66
31408.16
31415.73
31394.68
31415.66
31408.16
31415.73
31394.68
31415.66
31408.16
31394.68
31415.66
31408.16
31394.68
31415.66
31408.16
31394.68
31415.66
31408.16
31394.68
31415.66
31408.16
31394.68
31415.66
31408.16
31394.68
31415.66
31408.16
31394.68
31415.66
31408.16
31394.68
31415.66
31408.16
31394.68
31415.66
31408.16
31394.68
31415.66
31408.16
31394.68
31415.66
31408.16
31394.68
31415.66
31408.16
31394.68
31415.66
31408.16
31394.68
31415.66
31408.16
31462.39
31394.68
31415.66
31408.16
31462.39
31394.68
31415.66
31408.16
31462.39
31394.68
31415.66
31408.16
31462.39
31394.68
31415.66
31408.16
31462.39
31394.68
31415.66
31408.16
31462.39
31394.68
31415.66
31462.39
31394.68
31415.66
31462.39
31394.68
31415.66
31462.39
31394.68
31415.66
31462.39
31394.68
31415.66
31462.39
31394.68
31415.66
31462.39
31394.68
31415.66
31462.39
31394.68
31415.66
31462.39
31394.68
31415.66
31462.39
31394.68
31415.66
31462.39
31394.68
31415.66
31462.39
31394.68
31415.66
31462.39
31394.68
31415.66
31462.39
31394.68
31415.66
31462.39
31394.68
31415.66
31462.39
31394.68
31462.39
31394.68
31462.39
31394.68
31462.39
31394.68
31462.39
31394.68
31462.39
31394.68
31462.39
31394.68
31462.39
31394.68
31462.39
31394.68
31462.39
31394.68
31462.39
31394.68
31462.39
31394.68
31462.39
31394.68
31462.39
31394.68
31462.39
31394.68
31462.39
31394.68
31462.39
31394.68
31462.39
31394.68
31462.39
31394.68
31462.39
31394.68
31462.39
31394.68
31462.39
31394.68
31462.39
31394.68
31462.39
31394.68
31462.39
31394.68
31462.39
31462.39
31462.39
31462.39
31462.39
31462.39
31462.39
31462.39
31462.39
31462.39
31462.39
31462.39
31462.39
31462.39
31462.39
31462.39
31462.39
31462.39
31462.39
31462.39
31462.39
31462.39
31462.39
31462.39
31462.39
31437.7
31437.7
31437.7
31437.7
31437.7
31437.7
31437.7
31437.7
31437.7
31437.7
31437.7
31437.7
31437.7
31437.7
31437.7
31426.77
31437.7
31426.77
31437.7
31426.77
31437.7
31426.77
31437.7
31426.77
31437.7
31426.77
31437.7
31426.77
31437.7
31426.77
31437.7
31426.77
31437.7
31426.77
31437.7
31426.77
31437.7
31426.77
31437.7
31426.77
31437.7
31426.77
31437.7
31426.77
31437.7
31426.77
31437.7
31426.77
31437.7
31426.77
31437.7
31428.32
31426.77
31437.7
31428.32
31426.77
31437.7
31428.32
31426.77
31437.7
31428.32
31426.77
31437.7
31428.32
31426.77
31437.7
31428.32
31426.77
31437.7
31428.32
31426.77
31437.7
31428.32
31426.77
31437.7
31428.32
31426.77
31437.7
31428.32
31426.77
31437.7
31428.32
31426.77
31437.7
31428.32
31426.77
31437.7
31428.32
31426.77
31437.7
31428.32
31426.77
31437.7
31428.32
31426.77
31437.7
31428.32
31426.77
31437.7
31428.32
31426.77
31437.7
31428.32
31426.77
31437.7
31428.32
31426.77
31437.7
31428.32
31426.77
31437.7
31423.92
31428.32
31426.77
31437.7
31423.92
31428.32
31426.77
31437.7
31423.92
31428.32
31426.77
31437.7
31423.92
31428.32
31426.77
31437.7
31423.92
31428.32
31426.77
31437.7
31428.32
31426.77
31437.7
31428.32
31426.77
31437.7
31428.32
31426.77
31437.7
31428.32
31426.77
31437.7
31428.32
31426.77
31437.7
31428.32
31426.77
31437.7
31428.32
31426.77
31437.7
31428.32
31426.77
31437.7
31428.32
31426.77
31437.7
31428.32
31426.77
31437.7
31431.29
31428.32
31426.77
31437.7
31431.29
31428.32
31426.77
31437.7
31428.32
31426.77
31437.7
31428.32
31426.77
31437.7
31428.32
31426.77
31437.7
31428.32
31426.77
31428.32
31426.77
31428.32
31426.77
31428.32
31426.77
31428.32
31426.77
31428.32
31426.77
31428.32
31426.77
31428.32
31426.77
31428.32
31426.77
31428.32
31426.77
31441.05
31428.32
31426.77
31441.05
31428.32
31426.77
31441.05
31428.32
31426.77
31441.05
31428.32
31426.77
31441.05
31428.32
31426.77
31441.05
31428.32
31441.05
31428.32
31441.05
31428.32
31441.05
31428.32
31441.05
31428.32
31441.05
31428.32
31441.05
31428.32
31441.05
31428.32
31441.05
31428.32
31441.05
31428.32
31441.05
31428.32
31441.05
31428.32
31441.05
31428.32
31441.05
31428.32
31441.05
31428.32
31441.05
31441.05
31441.05
31441.05
31441.05
31441.05
31441.05
31441.05
31441.05
31441.05
31441.05
31441.05
31441.05
31441.05
31441.05
31441.05
31441.05
31441.05
31441.05
31441.05
31441.05
31441.05
31441.05
31441.05
31441.05
31404.56
31441.05
31404.56
31441.05
31404.56
31441.05
31404.56
31441.05
31404.56
31441.05
31404.56
31441.05
31404.56
31441.05
31404.56
31441.05
31404.56
31441.05
31404.56
31441.05
31404.56
31441.05
31404.56
31441.05
31404.56
31441.05
31404.56
31441.05
31404.56
31441.05
31399.11
31404.56
31441.05
31399.11
31404.56
31441.05
31399.11
31404.56
31441.05
31399.11
31404.56
31441.05
31399.11
31404.56
31441.05
31399.11
31404.56
31441.05
31399.11
31404.56
31441.05
31642.5
31642.5
31628.5
31642.5
31628.5
31642.5
31628.5
31642.5
31628.5
31642.5
31628.5
31642.5
31628.5
31642.5
31628.5
31642.5
31628.5
31642.5
31628.5
31642.5
31628.5
31642.5
31628.5
31642.5
31628.5
31642.5
31628.5
31642.5
31628.5
31642.5
31628.5
31642.5
31628.5
31642.5
31628.5
31642.5
31628.5
31642.5
31628.5
31642.5
31628.5
31642.5
31626.5
31628.5
31642.5
31626.5
31628.5
31642.5
31626.5
31628.5
31642.5
31626.5
31628.5
31642.5
31626.5
31628.5
31642.5
31626.5
31628.5
31642.5
31626.5
31628.5
31642.5
31626.5
31628.5
31642.5
31626.5
31628.5
31642.5
31626.5
31628.5
31642.5
31626.5
31628.5
31642.5
31626.5
31628.5
31642.5
31626.5
31628.5
31642.5
31626.5
31628.5
31642.5
31626.5
31628.5
31642.5
31626.5
31628.5
31642.5
31626.5
31628.5
31642.5
31626.5
31628.5
31642.5
31626.5
31628.5
31642.5
31626.5
31628.5
31642.5
31624.5
31626.5
31628.5
31624.5
31626.5
31628.5
31624.5
31626.5
31628.5
31624.5
31626.5
31628.5
31624.5
31626.5
31628.5
31624.5
31626.5
31628.5
31624.5
31626.5
31628.5
31624.5
31626.5
31628.5
31624.5
31626.5
31628.5
31624.5
31626.5
31628.5
31624.5
31626.5
31628.5
31624.5
31626.5
31628.5
31624.5
31626.5
31628.5
31624.5
31626.5
31628.5
31624.5
31626.5
31628.5
31624.5
31626.5
31628.5
31624.5
31626.5
31628.5
31624.5
31626.5
31628.5
31624.5
31626.5
31628.5
31624.5
31626.5
31628.5
31624.5
31626.5
31628.5
31624.5
31626.5
31628.5
31624.5
31626.5
31628.5
31624.5
31626.5
31628.5
31624.5
31626.5
31628.5
31624.5
31626.5
31628.5
31624.5
31626.5
31628.5
31624.5
31626.5
31628.5
31624.5
31626.5
31628.5
31624.5
31626.5
31628.5
31625.0
31624.5
31626.5
31625.0
31624.5
31626.5
31625.0
31624.5
31626.5
31625.0
31624.5
31626.5
31625.0
31624.5
31626.5
31625.0
31624.5
31626.5
31625.0
31624.5
31626.5
31625.0
31624.5
31626.5
31625.0
31624.5
31626.5
31625.0
31624.5
31626.5
31625.0
31624.5
31626.5
31625.0
31624.5
31626.5
31625.0
31624.5
31626.5
31625.0
31624.5
31626.5
31625.0
31624.5
31626.5
31625.0
31624.5
31626.5
31625.0
31624.5
31626.5
31625.0
31624.5
31626.5
31625.0
31624.5
31626.5
31625.0
31624.5
31626.5
31625.0
31624.5
31625.0
31624.5
31625.0
31624.5
31625.0
31624.5
31625.0
31624.5
31613.5
31625.0
31624.5
31625.0
31624.5
31625.0
31624.5
31625.0
31624.5
31625.0
31624.5
31625.0
31624.5
31625.0
31624.5
31625.0
31624.5
31625.0
31624.5
31625.0
31624.5
31616.5
31625.0
31624.5
31616.5
31625.0
31624.5
31616.5
31625.0
31624.5
31616.5
31625.0
31624.5
31616.5
31625.0
31624.5
31616.5
31625.0
31616.5
31625.0
31616.5
31625.0
31616.5
31625.0
31616.5
31625.0
31616.5
31625.0
31616.5
31625.0
31616.5
31625.0
31616.5
31625.0
31616.5
31625.0
31616.5
31625.0
31616.5
31625.0
31616.5
31625.0
31616.5
31625.0
31616.5
31625.0
31617.5
31616.5
31625.0
31617.5
31616.5
31625.0
31617.5
31616.5
31625.0
31617.5
31616.5
31625.0
31617.5
31616.5
31625.0
31617.5
31616.5
31625.0
31617.5
31616.5
31625.0
31617.5
31616.5
31625.0
31617.5
31616.5
31625.0
31617.5
31616.5
31625.0
31617.5
31616.5
31625.0
31617.5
31616.5
31625.0
31617.5
31616.5
31625.0
31617.5
31616.5
31625.0
31617.5
31616.5
31625.0
31617.5
31616.5
31617.5
31616.5
31617.5
31616.5
31617.5
31616.5
31617.5
31616.5
31618.0
31617.5
31616.5
31618.0
31617.5
31616.5
31618.0
31617.5
31616.5
31618.0
31617.5
31616.5
31618.0
31617.5
31616.5
31617.5
31616.5
31617.5
31616.5
31617.5
31616.5
31617.5
31616.5
31617.5
31616.5
31617.5
31616.5
31617.5
31616.5
31635.75
31635.75
31635.75
31635.75
31635.75
31635.75
31635.75
31631.75
31635.75
31631.75
31635.75
31631.75
31635.75
31631.75
31635.75
31631.75
31635.75
31631.75
31635.75
31631.75
31635.75
31631.75
31635.75
31631.75
31635.75
31631.75
31635.75
31631.75
31635.75
31631.75
31635.75
31631.75
31635.75
31631.75
31635.75
31631.75
31635.75
31631.75
31635.75
31631.75
31635.75
31631.75
31635.75
31631.75
31635.75
31631.75
31635.75
31644.75
31631.75
31631.75
31631.75
31631.75
31631.75
31631.75
31631.75
31631.75
31631.75
31631.75
31652.75
31631.75
31652.75
31631.75
31652.75
31631.75
31652.75
31631.75
31652.75
31631.75
31631.75
31631.75
31631.75
31631.75
31631.75
31631.75
31631.75
31631.75
31631.75
31631.75
31631.75
31631.75
31631.75
31631.75
31631.75
31681.25
31631.75
31681.25
31631.75
31681.25
31631.75
31681.25
31631.75
31681.25
31631.75
31681.25
31631.75
31681.25
31631.75
31681.25
31631.75
31681.25
31631.75
31681.25
31631.75
31681.25
31631.75
31681.25
31631.75
31681.25
31631.75
31681.25
31631.75
31681.25
31631.75
31681.25
31631.75
31681.25
31631.75
31681.25
31631.75
31681.25
31631.75
31681.25
31631.75
31681.25
31681.25
31681.25
31681.25
31681.25
31681.25
31681.25
31681.25
