25.38
34.12
34.11
34.13
35.18
41.4
42.46
32.34
29.31
33.35
38.82
38.79
38.2
36.88
34.89
38.86
50.28
45.24
56.06
54.55
64.48999999999999
71.48
76.23999999999999
68.68000000000001
55.59
57.99
59.05
48.88
54.78
48.95
52.38
56.0
60.0
66.09999999999999
73.26000000000001
78.33
75.84999999999999
69.45
72.51000000000001
72.63
70.31999999999999
67.52
74.04000000000001
77.79000000000001
80.31999999999999
2020.12.31 15:21:58,fractalbreakAll,buy,80.31999999999999
70.63
69.98999999999999
70.92
71.29000000000001
74.09999999999999
77.98
77.25
72.66
70.39
64.66
65.95999999999999
64.58
66.66
59.65
59.23
55.15
54.39
54.07
53.68
53.21
46.47
42.48
49.71
49.08
54.24
55.73
47.23
52.36
48.94
36.76
38.18
39.46
39.31
38.42
38.29
35.05
35.7
29.84
28.99
29.25
26.04
37.11
42.84
35.74
40.77
41.39
42.9
43.14
36.49
31.61
24.54
16.07
16.49
25.09
31.66
28.39
33.08
34.53
34.57
30.0
29.46
28.15
25.07
27.99
25.58
23.65
25.29
22.76
22.33
26.03
23.71
21.3
23.86
25.65
29.9
25.02
25.67
27.81
27.91
30.82
33.65
35.13
34.51
31.4
35.26
35.86
38.88
38.94
37.33
45.45
2020.12.31 16:50:58,fractalbreakAll,buy,45.45
40.27
38.14
31.27
31.84
30.89
26.18
25.39
26.31
28.31
33.83
32.85
29.35
25.8
28.72
31.57
29.93
29.32
30.66
34.53
39.48
40.87
41.2
43.17
42.13
36.3
39.21
41.88
40.3
37.77
38.34
37.38
38.56
36.29
37.63
43.44
2020.12.31 17:25:58,fractalbreakAll,buy,43.44
45.8
2020.12.31 17:26:58,fractalbreakAll,buy,45.8
48.78
2020.12.31 17:27:59,fractalbreakAll,buy,48.78
48.89
51.52
56.01
54.59
53.22
50.83
50.79
53.17
52.53
54.37
54.53
53.44
56.33
56.29
56.18
60.63
61.15
63.98
70.40000000000001
70.79000000000001
70.33
67.36
64.75
62.51
65.42
63.36
64.25
62.37
66.01000000000001
65.23999999999999
65.70999999999999
61.75
61.77
60.6
61.93
60.87
64.34
66.42
65.56
62.07
63.09
63.95
63.91
71.48
71.61
73.59999999999999
2020.12.31 18:13:58,fractalbreakAll,buy,73.59999999999999
2020.12.31 18:13:58,fractalbreak signal,buy,73.59999999999999
71.90000000000001
72.62
2020.12.31 18:15:59,fractalbreakAll,buy,72.62
2020.12.31 18:15:59,fractalbreak signal,buy,72.62
71.8
76.45999999999999
2020.12.31 18:17:58,fractalbreakAll,buy,76.45999999999999
2020.12.31 18:17:58,fractalbreak signal,buy,76.45999999999999
77.97
2020.12.31 18:18:58,fractalbreakAll,buy,77.97
2020.12.31 18:18:58,fractalbreak signal,buy,77.97
76.98
75.06999999999999
75.23999999999999
74.88
72.45999999999999
67.22
69.33
68.29000000000001
68.13
65.08
64.76000000000001
63.51
62.45
61.88
65.84
62.37
59.1
2020.12.31 18:35:58,fractalbreakAll,sell,59.1
55.44
2020.12.31 18:36:58,fractalbreakAll,sell,55.44
57.37
53.95
54.08
49.28
44.07
41.65
40.25
40.24
44.22
43.78
42.71
40.88
37.11
39.75
38.2
39.09
37.54
37.06
42.04
46.46
42.1
46.25
51.23
49.84
42.89
46.08
53.8
54.67
53.44
49.79
45.31
51.85
64.95
64.98
82.68000000000001
2020.12.31 19:11:58,fractalbreakAll,buy,82.68000000000001
2020.12.31 19:11:58,fractalbreak signal,buy,82.68000000000001
91.92
2020.12.31 19:12:58,fractalbreakAll,buy,91.92
2020.12.31 19:12:58,fractalbreak signal,buy,91.92
91.18000000000001
100.74
138.18
145.73
145.16
134.27
131.97
130.82
126.82
128.73
128.01
126.45
125.51
127.01
135.13
130.25
133.68
138.33
143.64
136.45
146.46
2020.12.31 19:33:58,fractalbreakAll,buy,146.46
2020.12.31 19:33:58,fractalbreak signal,buy,146.46
153.25
2020.12.31 19:34:58,fractalbreakAll,buy,153.25
2020.12.31 19:34:58,fractalbreak signal,buy,153.25
152.72
2020.12.31 19:35:58,fractalbreakAll,buy,152.72
2020.12.31 19:35:58,fractalbreak signal,buy,152.72
148.68
147.99
155.18
156.54
2020.12.31 19:39:58,fractalbreakAll,buy,156.54
2020.12.31 19:39:58,fractalbreak signal,buy,156.54
157.95
163.68
167.06
169.31
166.62
163.3
164.99
159.64
159.6
158.1
160.09
158.54
152.74
151.27
153.33
156.72
156.59
152.56
150.4
