0.03044500000000006
0.05675999999999992
0.02817000000000003
0.0007200000000000539
0.001460000000000017
0.004625000000000101
0.0289600000000001
-0.0004199999999998649
0.01704000000000017
0.0036299999999998
0.004399999999999959
0.01158999999999999
0.0006999999999999229
0.02672999999999992
0.02153999999999989
0.007890000000000175
0.01271
0.01561999999999997
0.01039999999999996
0.009319999999999995
-0.000180000000000069
0.03937999999999997
0.01085000000000003
0.004019999999999913
0.001859999999999973
0.05813000000000001
0.005279999999999951
0.006820000000000048
0.005120000000000013
0.01033000000000017
0.005800000000000027
0.00920999999999994
0.009730000000000016
0.001659999999999995
0.01567000000000007
0.01241000000000003
0.01114999999999999
0.0002899999999999014
0.01556000000000002
0.002480000000000038
0.04563000000000006
0.02454000000000001
0.01416499999999998
