29968.12
30222.36
30158.10
30049.98
29422.36
30022.08
30019.81
30186.37
30272.61
30313.27
30390.27
30398.82
30345.21
30343.23
30571.5
29872.94
30137.07
30087.17
30102.22
30273.41
30309.5
30727.33
30854.32
30864.91
30745.14
30947.31
30974.82
30968.89
31016.29
30918.38
30885.9
31049.22
31097.68
30977.56
31053.65
31119.25
31125.93
31125.11
30790.34
30607.9
30705.26
30755.81
30730.97
30761.75
30923.0
30937.0
30857.26
30899.31
30901.47
30874.54
30954.19
31189.58
31119.82
31046.53
30891.79
30909.47
30976.84
31065.62
30559.63
30841.32
30763.14
30929.92
30921.04
30830.3
30063.05
30201.72
30199.17
30047.59
30010.27
30161.86
30322.06
30422.99
30627.18
30691.37
30685.5
30517.75
30715.71
30641.28
30694.08
30959.58
31024.85
31079.98
31082.15
31106.24
31203.83
