30383.3
30379.26
30399.25
30402.75
30343.23
30353.38
30360.67
30367.63
30402.59
30378.93
30555.0
30557.0
30517.0
30587.5
30605.0
30589.0
30585.0
30571.5
30573.5
30598.5
30691.5
30693.0
30687.0
30674.0
30759.5
30762.0
30777.0
30741.5
30729.5
30707.0
30696.0
30011.86
29872.94
29897.39
30068.34
30060.27
30051.96
30038.6
30095.21
30193.48
30187.74
30153.97
30166.47
30174.46
30209.44
30244.41
30248.92
30237.93
30258.92
30260.43
30165.54
30137.07
30171.55
30161.64
30198.54
30220.52
30087.17
30203.56
30241.02
30262.52
30254.04
30254.03
30126.71
30142.71
30102.22
30231.38
30141.73
30140.14
30271.54
30302.68
30348.83
30349.71
30404.15
30426.64
30446.13
30432.6
30410.63
30384.16
30421.66
30360.69
30309.5
30702.47
30887.25
30852.54
30854.67
30948.46
30969.2
30727.33
30744.64
30770.89
30856.97
30846.99
30795.48
30899.76
30854.32
30862.88
30921.25
30934.24
30897.88
30900.22
31101.07
31080.76
31013.96
31017.77
31017.98
31036.51
31045.21
31016.41
31005.06
31037.04
31048.96
31011.01
31011.62
31002.63
31004.14
30954.69
30901.43
30913.43
30911.77
30888.8
30876.32
30903.42
30894.45
30866.73
30879.17
30889.38
30905.86
30864.91
30881.91
30882.93
30895.92
30906.42
30880.45
30852.52
30854.02
30854.02
30805.07
30780.6
30745.14
30876.93
30930.56
30954.58
30929.42
31007.16
31011.68
31062.41
30967.84
30979.71
30947.31
30961.38
30992.48
30997.26
31006.27
31006.77
30974.82
31019.79
31032.79
31005.33
31002.34
30968.89
30977.89
31016.76
31024.88
31038.07
31032.77
31016.29
31062.75
31070.75
31068.75
31063.74
31047.31
31060.25
31069.23
31046.28
31047.7
30988.84
30918.38
30934.92
31022.15
30955.85
30885.9
30988.39
30975.31
31028.1
31010.45
31056.63
31059.97
31053.44
31068.41
31049.22
31064.22
31083.72
31068.74
31084.74
31098.73
31118.73
31138.74
31129.76
31097.68
31105.84
31114.84
31117.79
31117.3
31092.41
31082.85
31104.39
31027.94
31053.45
31025.96
30983.05
30977.56
31033.03
31042.32
30988.08
31046.46
31014.07
31041.92
31026.46
31104.91
31119.67
31089.23
31075.52
31053.65
31055.04
31070.49
31070.49
31075.82
31114.17
31122.67
31119.18
31118.68
31130.19
31131.19
31157.18
31181.67
31172.69
31119.25
31145.22
31154.22
31129.31
31135.83
31148.32
31158.85
31160.35
31170.83
31139.87
31138.41
31125.93
31140.28
31137.32
31133.3
31138.81
31140.47
31125.11
31174.88
31165.03
31136.65
31152.06
31162.1
31170.44
31134.48
31139.22
31114.96
31114.96
31079.42
31007.39
30984.2
30975.1
30978.95
30954.51
30898.09
30914.09
30918.6
30849.8
30859.72
30864.74
30790.34
30800.85
30817.88
30804.9
30864.98
30881.5
30865.53
30887.98
30907.48
30883.51
30853.08
30858.58
30836.09
30819.64
30792.7
30792.21
30768.12
30607.9
30712.2
30821.7
30826.31
30869.83
30900.05
30881.52
30871.83
30876.71
30860.05
30734.02
30705.26
30774.7
30747.74
30767.24
30763.25
30761.26
30761.28
30771.28
30755.81
30765.81
30757.82
30768.83
30776.84
30768.85
30760.37
30739.91
30746.92
30740.44
30748.44
30730.97
30762.95
30782.0
30804.0
30799.5
30778.0
30779.5
30803.0
30797.5
30772.6
30761.75
30802.75
30829.75
30818.25
30814.75
30814.75
30858.0
30859.0
30930.0
30927.5
30928.0
30920.5
30927.0
30966.0
30966.0
30957.0
30955.5
30923.0
30933.0
30951.0
30953.5
30979.0
30974.0
30949.0
30937.0
30962.0
30983.5
30993.0
30988.0
31010.5
31015.0
31015.5
31019.0
30881.75
30866.5
30857.26
30872.48
30915.21
30924.99
30958.47
30951.04
30931.81
30929.79
30899.31
30985.38
30977.39
30962.41
30901.47
30913.49
30906.5
30877.03
30874.54
30895.53
30896.03
30899.42
30898.55
30932.78
30944.49
30908.6
30919.6
30945.09
30942.59
30966.58
30982.09
30991.58
30979.11
30966.67
30957.69
30954.19
31013.16
30996.75
31083.54
31087.8
31080.25
31100.31
31131.68
31162.01
31153.76
31123.47
31137.36
31151.78
31159.09
31240.04
31239.53
31199.59
31167.6
31136.74
31220.58
31179.77
31132.87
31119.82
31126.14
31129.24
31183.51
31222.11
31206.9
31137.57
31123.8
31128.91
31117.94
31110.45
31118.45
31065.5
31046.53
31049.03
31060.53
31080.03
31083.04
31086.46
31057.57
31014.61
30942.19
30912.24
30930.79
30939.71
30917.76
30891.79
30899.29
30919.48
30895.51
30926.49
30935.5
30951.49
30956.27
30957.1
30909.47
30988.87
30995.51
31057.71
31074.45
31045.01
31045.17
31043.51
31031.31
31056.75
30976.84
30988.15
31025.86
31032.93
31063.42
31071.42
31057.44
31087.44
31084.95
31079.96
31083.46
31079.98
31065.62
31079.02
31084.46
31085.47
31089.47
31034.03
31020.04
31005.53
30988.55
30973.57
30940.13
30936.55
30873.62
30834.64
30807.14
30762.03
30559.63
30646.62
30760.04
30854.56
30878.76
30860.0
30877.67
30841.32
30857.56
30940.04
30927.38
30934.38
30912.42
30881.96
30861.99
30869.49
30841.53
30828.56
30832.56
30830.07
30798.13
30771.67
30763.14
30804.59
30888.58
30956.04
30922.58
30921.06
31011.72
31022.24
31015.75
31019.26
31014.28
31045.77
31023.21
30962.9
30979.95
30932.43
30932.6
30939.36
30929.92
30974.66
30992.01
30952.49
30965.11
30921.04
30943.6
30933.12
30918.64
30932.64
30915.16
30847.24
30858.24
30847.76
30877.25
30843.8
30830.3
30842.33
30847.33
30814.77
30842.76
30828.77
30822.37
30753.45
30606.02
30622.09
30586.25
30560.66
30579.14
30563.73
30360.75
30476.75
30278.83
30281.67
30316.65
30286.18
30253.16
30471.95
30730.53
30718.98
30826.1
30872.26
30816.44
30863.81
30753.94
30761.48
30563.4
30520.76
30499.11
30497.13
30508.14
30473.7
30435.25
30283.43
30301.92
30249.48
30201.72
30228.02
30316.04
30209.23
30199.17
30270.64
30317.1
30296.12
30322.12
30306.12
30292.66
30318.14
30439.19
30435.74
30203.43
30400.83
30184.88
30337.95
30135.14
30150.5
29897.13
29856.19
29948.7
29973.27
30013.34
