30327.06
30319.34
30352.75
30322.94
30061.47
30301.93
30253.74
30244.03
30120.11
30291.13
30389.88
30481.45
30473.52
30524.68
30524.68
30465.95
30438.09
30437.14
30429.05
30635.0
30628.0
30800.5
30276.15
30297.36
30316.34
30394.74
30527.02
31028.49
31043.58
31194.73
31111.25
31164.62
31146.22
30984.8
31095.1
31092.7
31117.71
31100.11
31115.37
31162.21
31153.79
31195.65
31189.81
31224.69
30953.43
30941.59
30799.29
30853.0
31022.0
31003.0
31079.75
30994.42
31014.36
31176.84
31285.99
31269.07
31248.83
31103.29
31109.42
31110.45
30993.18
31118.92
31018.21
30905.17
30329.06
30939.21
30612.67
30407.98
30536.96
30267.6
30263.13
30336.62
