30403.28
30405.22
30401.23
30416.23
30416.23
30425.81
30429.05
30392.03
30393.28
30387.91
30417.05
30423.68
30490.96
30514.55
30620.5
30635.0
30586.5
30573.0
30574.5
30613.5
30628.0
30627.5
30626.5
30626.5
30604.5
30631.0
30716.0
30738.0
30728.0
30705.0
30794.0
30800.5
30786.5
30798.0
30799.5
30766.5
30762.0
30732.0
30729.0
30078.12
29999.67
30147.05
30160.41
30136.94
30147.63
30276.15
30248.49
30214.92
30253.89
30297.36
30274.4
30275.4
30286.4
30286.91
30195.02
30212.01
30238.03
30243.5
30274.71
30267.43
30316.34
30292.49
30304.48
30287.01
30301.53
30304.01
30250.08
30228.7
30191.67
30394.74
30384.43
30279.36
30361.65
30363.88
30377.99
30377.66
30467.11
30521.49
30454.09
30455.09
30454.09
30759.78
30937.79
30896.93
31008.57
31028.49
31004.28
31012.68
30888.29
30866.42
30925.04
30912.91
30888.45
30948.21
30902.36
30926.34
30975.86
30999.95
31180.22
31194.73
31134.96
31105.03
31061.16
31069.58
31111.25
31101.3
31042.52
31040.03
31076.0
31070.01
31146.22
31062.6
31042.1
31035.62
30989.17
30944.39
30958.39
30951.72
30940.24
30948.87
30926.89
30933.97
30914.34
30934.83
30984.8
30961.34
30921.39
30937.89
30920.42
30899.97
30895.49
30889.5
30841.55
30827.56
30973.7
30982.2
31028.75
31003.9
31046.41
31038.7
31043.75
31095.1
31091.96
31019.52
31074.78
31049.58
31019.42
31019.42
31031.23
31059.71
31054.86
31092.7
31090.21
31053.26
31056.77
31058.77
31022.32
31020.32
31016.84
31004.36
31050.8
31053.71
31106.17
31090.2
31066.74
31101.2
31117.71
31092.25
31097.69
31088.78
31087.72
31091.72
31089.72
31077.75
31040.32
31022.3
31082.95
31100.11
31024.0
31022.93
31072.43
31090.88
31089.33
31088.32
31093.98
31115.37
31096.86
31090.69
31088.2
31112.69
31103.7
31107.25
31133.24
31134.71
31139.22
31162.21
31155.22
31152.23
31130.77
31126.75
31131.83
31134.32
31142.31
31135.74
31114.85
31131.37
31130.38
31119.87
31079.44
31088.44
31077.9
31036.99
31052.03
31085.53
31099.93
31102.96
31094.7
31076.37
31075.31
31074.34
31151.61
31139.03
31139.85
31153.79
31150.9
31149.97
31106.59
31088.17
31121.27
31106.29
31140.15
31137.65
31134.16
31165.66
31186.66
31195.65
31193.16
31194.17
31189.95
31168.2
31175.64
31169.3
31165.57
31171.79
31186.82
31187.83
31189.81
31185.35
31164.35
31157.4
31154.29
31157.26
31150.31
31167.3
31174.28
31180.81
31224.69
31218.68
31214.97
31184.99
31194.84
31194.86
31202.68
31186.79
31188.65
31181.17
31157.68
31113.64
31079.38
31021.72
31041.84
31051.84
31032.41
30981.0
30972.13
30888.68
30900.18
30882.22
30848.89
30852.35
30930.87
30926.47
30929.44
30934.45
30953.43
30921.51
30899.01
30892.03
30886.07
30846.64
30898.95
30789.7
30890.2
30918.01
30938.22
30935.63
30922.34
30931.76
30941.59
30776.48
30816.66
30805.69
30792.73
30794.75
30787.76
30789.79
30799.29
30790.82
30778.35
30792.36
30782.88
30770.4
30766.92
30764.42
30775.93
30853.0
30818.5
30826.5
30814.0
30817.5
30796.25
30820.75
30843.75
30848.75
30845.75
30836.75
30875.0
30876.0
30930.5
30954.0
30958.5
30940.0
30936.0
30935.5
31022.0
30978.0
30980.0
30985.0
30973.5
30975.0
31003.0
30999.0
30992.5
30994.0
30999.0
31028.0
31024.0
31023.5
31017.0
31042.5
31035.0
31037.0
31079.75
30953.75
30983.34
30921.31
30957.79
30954.37
30991.04
30985.09
30994.42
30978.54
30979.08
30959.43
30969.63
31011.36
31014.36
30977.4
30973.41
30939.94
30961.45
30933.49
30899.02
30908.52
30925.52
30924.41
30958.06
30960.56
31014.46
30996.06
31029.05
30980.6
31035.15
31040.14
31054.65
31073.24
31143.87
31176.84
31128.25
31146.49
31201.26
31182.88
31179.33
31237.03
31206.74
31189.68
31285.99
31261.52
31254.51
31256.04
31225.14
31221.32
31269.07
31246.26
31182.9
31149.77
31204.39
31236.4
31239.72
31247.35
31248.83
31195.22
31180.54
31151.89
31181.89
31150.92
31133.94
31134.95
31109.47
31078.02
31107.01
31097.52
31096.02
31102.44
31089.86
31049.54
30997.64
31041.14
30962.72
30974.19
30952.24
30954.41
30938.97
30956.46
30978.96
30983.97
31006.24
31027.29
31016.15
31101.5
31103.29
31099.87
31074.31
31071.95
31084.61
31027.31
31081.8
31065.83
31082.9
31088.4
31086.41
31083.91
31109.42
31105.43
31091.95
31093.46
31098.97
31089.65
31097.48
31105.94
31106.95
31110.45
31109.96
31068.5
31044.03
31024.02
31006.07
31030.55
31018.06
30973.53
30897.56
30904.61
30948.8
30928.46
30731.22
30831.28
30843.41
30948.65
30925.83
30923.57
30902.34
30893.82
30993.18
30970.52
30967.52
30952.86
30955.37
30934.9
30915.92
30910.93
30915.43
30896.97
30860.52
30851.54
30849.06
30823.61
30820.06
30835.09
30843.56
30918.58
30989.01
30962.51
31052.0
31070.2
31041.25
31057.74
31076.75
31118.92
31074.17
31033.5
31039.6
30989.49
30990.25
30976.27
30985.02
31001.08
31008.24
31014.26
31000.07
31006.4
31018.21
30977.93
30973.07
30977.58
30951.61
30958.62
30948.63
30956.64
30876.22
30874.23
30890.75
30862.78
30869.78
30877.8
30864.81
30905.17
30902.25
30877.23
30872.8
30883.74
30894.23
30852.29
30805.35
30733.99
30710.01
30687.07
30650.6
30669.66
30627.75
30657.25
30323.21
30361.03
30334.61
30541.39
30693.76
30827.17
30902.8
30885.1
30890.06
30935.41
30927.54
30900.12
30893.26
30939.21
30815.86
30724.71
30573.71
30573.71
30595.53
30569.57
30533.12
30612.67
30499.18
30505.69
30334.89
30341.89
30294.14
30383.29
30407.98
30344.06
30351.56
30368.06
30398.51
30400.04
30362.1
30370.26
30536.96
30481.15
30501.13
30447.69
30491.66
30474.66
30466.69
30418.42
30298.67
30231.71
30219.78
30052.91
30107.58
30236.52
30197.1
30201.05
30206.05
30267.6
30247.11
30242.79
30255.83
30220.81
30222.89
30140.04
30252.97
30235.68
30242.03
30244.99
30270.45
30336.62
30277.72
30237.43
30267.93
30215.48
30333.53
30358.4
30373.91
30371.41
30362.93
30354.45
30354.46
30369.96
30375.98
30402.96
30366.03
30360.03
30364.54
30452.98
30467.5
30480.5
30478.01
30487.51
30483.02
30457.06
30474.99
30458.99
30466.0
30476.5
30760.21
30826.75
30825.67
30840.33
30802.75
30819.6
30788.71
30782.4
30805.38
30811.73
30789.5
30712.93
30753.74
30795.23
30755.28
30747.8
30739.82
30719.35
30742.84
30740.85
30739.36
30758.35
30772.84
30768.89
30762.88
30777.41
30807.4
30760.45
30751.46
30736.99
30736.0
30751.5
30727.53
30731.6
30701.64
30679.17
30696.67
30694.16
30698.68
30689.15
30696.64
30647.9
30719.13
30695.92
30704.69
30705.45
30750.8
30774.11
30794.35
30784.97
30780.43
30807.85
30807.66
30788.7
30789.13
30749.16
30754.67
30751.67
30771.17
30765.19
30692.75
30672.36
30685.28
30691.29
30719.11
30716.32
30709.64
30778.31
30777.31
30753.84
30752.86
30773.37
30761.87
30749.54
30760.57
30764.56
30802.07
30996.24
31021.85
31008.0
30987.59
30983.38
30978.1
30991.43
31014.82
31012.81
31095.32
31082.33
31085.3
31081.31
31043.34
31053.84
31125.33
31108.84
31102.35
31105.37
31111.87
31148.47
31155.36
31129.92
31111.95
31115.44
31115.47
31188.93
31186.95
31204.43
31225.46
31213.97
31211.17
31191.14
31213.14
31232.12
31252.88
31234.82
31184.35
31163.75
