50.098889
50.098889
49.987602
49.987602
49.931955
49.959963
50.126526
49.959963
50.042878
50.154161
50.293436
50.265435
50.293436
50.376699
50.432327
50.237801
45.076272
45.162786
45.306454
45.306454
45.478683
45.593744
45.277493
45.421149
45.421149
45.363612
45.277493
45.421149
45.478683
45.450107
45.478683
45.450107
45.536215
45.50764
45.593744
45.593744
45.593744
45.736985
45.823455
45.794886
45.736985
45.766317
45.736985
45.736985
45.564789
45.564789
45.593744
45.593744
45.736985
45.478683
45.421149
45.478683
45.536215
45.450107
45.335034
45.306454
45.248531
45.306454
45.306454
45.306454
45.306454
45.277493
45.392572
45.450107
45.392572
45.248531
45.248531
45.421149
45.277493
45.248531
45.133441
45.133441
45.076272
45.047688
45.019102
44.731306
44.759898
-57.463541
-57.413257
-57.413257
-57.014353
-56.864876
-56.765014
-56.765014
-56.665159
-56.51572
-56.415883
-56.565311
-56.665159
-56.91448
-56.815275
-57.163846
-56.964085
-56.565311
-56.46547
-56.565311
-56.51572
-56.615565
-56.615565
-56.864876
-56.864876
-56.964085
-57.563454
-57.363636
-57.264399
-57.563454
-57.563454
-57.663375
-57.613083
-57.663375
-57.064623
-57.314016
-57.314016
-57.114233
-57.314016
-57.014353
-57.114233
-57.21346
-56.91448
-57.114233
-57.264399
-77.124577
-77.344421
-77.17989799999999
-77.78421299999999
-77.674252
-77.509691
-77.674252
-77.5643
-78.498081
-79.43321899999999
-79.54331999999999
-80.038516
-79.927646
-80.147935
-79.98380899999999
-80.809009
-80.863747
-81.41490400000001
-81.85525699999999
-81.85525699999999
-81.91076700000001
-82.240954
-82.406076
-81.85525699999999
-81.91076700000001
-81.6902
-81.028707
-80.973961
-80.038516
-80.422979
-80.31353799999999
-79.708122
-79.872944
-79.213044
-78.388792
-78.388792
-78.55345699999999
-78.55345699999999
-78.55345699999999
-77.948807
-78.278783
-79.213044
-78.55345699999999
-103.867789
-102.391677
-101.285205
-102.514762
-102.32973
-101.408193
-101.469285
-101.961369
-102.637859
-103.006398
-102.884085
-103.068375
-101.593104
-101.715305
-101.715305
-101.715305
-103.37585
-104.176256
-103.929803
-103.99182
-104.977119
-105.777622
-106.764176
-107.19596
-107.442988
-108.369318
-107.504342
-107.319469
-106.887646
-107.134619
-107.936354
-107.874981
-107.566518
-108.307107
-108.122128
-107.751424
-107.627878
-139.405804
-139.828623
-140.53516
-140.675574
-140.675574
-139.758456
-139.687357
-140.958315
-142.938144
-142.655009
-144.281462
-144.281462
-144.919796
-144.424124
-144.281462
-144.706673
-144.636265
-144.211076
-145.557476
-145.911658
-145.414701
-145.982129
-145.768847
-146.265928
-146.478344
-146.195442
-145.486087
-144.778023
-143.645292
-143.927686
-144.211076
-144.636265
-146.549783
-148.252223
-149.24641
-149.317046
-148.74923
-148.891398
-148.74923
-148.394341
-148.820783
-148.820783
-151.023742
-150.738993
-150.882303
-150.455245
-150.597583
-150.597583
-150.31292
-151.664162
-152.661677
-151.806621
-152.588987
-152.588987
-153.515357
-153.80066
-154.014202
-155.227086
-155.583679
-153.943333
-212.620791
-210.494558
-210.323332
-210.579052
-209.814278
-209.814278
-208.285936
-209.219857
-208.20045
-208.71119
-208.71119
-208.71119
-209.728703
-210.238853
-210.408942
-210.579052
-211.00385
-209.814278
-210.154378
-210.579052
-209.049906
-208.116094
-207.692139
-206.759198
-206.759198
-205.488889
-206.080663
-206.928881
-207.182881
-207.182881
-205.912202
-205.826856
-206.504149
-205.826856
-205.826856
-205.912202
-206.504149
-206.759198
-207.946272
-208.455797
-209.304277
-209.049906
-209.304277
-207.692139
-207.182881
-207.182881
-207.692139
-208.371427
-207.606688
-207.77647
-207.77647
-207.606688
-207.861931
-207.946272
-208.79558
-208.964376
-208.031743
-208.20045
-207.352614
-206.166025
-276.216174
-275.479524
-274.424808
-274.530944
-274.109237
-274.21535
-272.950855
-272.529596
-272.529596
-272.10985
-271.793376
-271.478363
-269.586903
-1225.772401
-1231.168601
-1238.070473
-1237.07647
-1237.56687
-1240.53803
-1239.05189
-1231.168601
-1237.07647
-1243.999121
-1238.070473
-1235.103032
-1230.679794
-1224.297375
-1225.772401
-1232.642275
-1234.123582
-1220.870761
-12779.728874
-12973.257206
-13171.41966
-12973.257206
-12684.870965
-12992.746427
-12856.56385
-12876.020083
-13151.484397
-13754.425613
-13995.322182
-14428.263792
-14358.191363
-14197.702007
-14084.435586
-14220.357496
-14107.086606
-14107.086606
-14017.437886
-13604.484592
-13272.39192
-13520.381951
-13775.907297
-14084.435586
-14312.20175
-14288.994868
-14428.263792
-14129.499601
-14243.073817
-14335.165517
-13754.425613
-13950.972924
-13884.743767
-14197.702007
-13732.999873
-13950.972924
-13689.747723
-13732.999873
-13972.971211
-13625.857897
-13689.747723
-13972.971211
-14288.994868
-14151.972453
-14129.499601
-14107.086606
-13775.907297
-14358.191363
-14689.451241
-14545.920329
-14835.066444
-14404.739402
-13819.32768
-14062.14238
-13797.445144
-13711.060752
-13131.599151
-13272.39192
-12953.816334
-13151.484397
1679.777949
1678.364426
1676.631226
1678.522836
1674.259992
1673.942576
1674.100258
1673.942576
1672.03606
1671.875632
1671.398275
1670.600987
1672.194328
1672.512826
1672.512826
1671.239761
1671.239761
1671.239761
1670.600987
1669.321057
1667.397311
1669.480161
1669.002699
1669.321057
1669.321057
1668.361143
1668.679897
1669.002699
1669.480161
1669.96142
1666.915785
1667.878388
1669.002699
1668.040066
1669.480161
1668.679897
1670.442228
1671.875632
1671.398275
1671.079085
1671.717266
1672.194328
1672.03606
1673.627068
1673.784846
1673.307155
1672.194328
1672.831126
1672.03606
1674.577211
1674.894234
1674.577211
1673.465032
1673.942576
1674.577211
1674.577211
1675.051623
1672.991256
1672.512826
1673.307155
817.33888
817.753152
820.099697
821.0662620000001
820.24045
820.514583
820.790463
819.825442
819.825442
817.615693
818.306454
819.825442
821.0662620000001
820.377526
819.96258
820.099697
820.929286
820.24045
819.688285
820.377526
820.24045
820.099697
821.617618
821.203219
821.340155
820.377526
819.2730340000001
819.2730340000001
818.443813
817.33888
816.645573
817.753152
816.924424
817.478213
818.85943
817.753152
818.443813
819.2730340000001
819.825442
821.0662620000001
820.929286
819.825442
820.24045
818.7203009999999
820.790463
820.929286
820.790463
819.688285
820.099697
820.929286
822.305446
822.442221
822.5808
818.996708
820.099697
820.24045
824.091078
824.91533
826.149444
826.28566
565.359755
564.429137
564.119207
563.602001
563.9120809999999
563.4990790000001
563.2904590000001
562.15194
561.426172
561.529294
561.217147
561.113995
561.113995
560.90766
561.113995
561.113995
562.047504
561.323039
560.492119
561.426172
562.047504
561.736883
562.047504
562.15194
562.047504
561.323039
561.0108320000001
561.426172
561.426172
561.426172
561.217147
561.0108320000001
561.426172
561.426172
560.388897
559.973155
560.179669
558.41337
558.41337
558.41337
558.41337
559.141185
559.349238
559.349238
559.557251
558.516783
559.036454
560.179669
559.973155
559.660553
557.476684
558.41337
558.41337
558.100313
558.100313
559.036454
559.141185
559.349238
558.933092
559.4525609999999
430.479333
431.394257
431.311614
431.394257
430.645838
430.479333
430.479333
430.063516
429.397007
429.814172
429.980775
429.896925
429.814172
429.980775
429.980775
429.896925
430.14625
429.896925
429.814172
429.980775
430.14625
430.14625
430.14625
429.814172
430.72853
431.476895
431.394257
431.726974
432.224766
432.142183
432.640893
432.80598
433.055767
433.304398
433.055767
433.635456
433.470489
433.635456
434.465423
434.217046
434.547837
434.465423
434.299478
433.802597
433.967516
433.967516
433.138283
433.552975
433.967516
433.967516
433.802597
435.211326
435.542924
435.79101
435.460582
435.79101
435.376039
435.460582
435.460582
435.707589
