66.117041
66.133628
62.638396
62.789625
62.966066
62.806432
63.05849
63.016483
60.60211
60.235656
60.073706
59.826498
59.91173
56.971391
57.162001
57.473834
57.292811
57.179319
55.312548
55.550447
55.805935
55.946878
55.788314
55.761887
55.902833
55.16149
55.197349
55.269076
55.349774
55.367695
54.255305
54.703072
54.98629
54.802667
54.693927
53.981848
53.608847
53.972516
53.73007
53.254427
51.895078
51.752013
51.723401
51.952295
51.685255
50.379147
50.525619
50.40844
50.418212
50.7492
49.47118
49.741371
49.661322
49.335081
49.040825
46.821895
47.387187
47.757097
47.233027
47.089154
45.613103
45.380768
45.665891
45.222332
45.116715
43.393983
43.687383
44.100254
43.926423
43.676507
42.84546
42.856641
42.621704
