87.76920800000001
86.723364
86.92312200000001
86.92312200000001
87.02233200000001
86.972728
85.715784
86.01782300000001
85.867143
85.665772
85.414359
84.37106900000001
84.320564
84.16836600000001
84.066669
84.42292
84.03161
83.877729
83.621003
83.621003
83.31247500000001
81.745852
82.317982
82.057821
82.057821
82.162718
81.701611
81.43776200000001
81.332071
81.385267
81.332071
80.496084
80.336229
80.389515
80.22823
80.22823
79.145707
78.873733
78.709951
78.764066
78.873733
77.56143900000001
77.616427
77.616427
77.948517
77.948517
77.0471
77.0471
76.7662
77.272086
77.38382300000001
77.272086
76.487217
76.65912899999999
76.887058
