1.379139
1.384207
1.358868
1.384207
1.374071
1.389275
1.39941
1.384207
1.379139
1.384207
1.409545
1.394342
1.389275
1.384207
1.389275
1.384207
0.907191
0.902096
0.917381
0.932665
0.932665
0.93776
0.92757
0.92757
0.92757
0.922476
0.912286
0.92757
0.93776
0.942855
0.942855
0.93776
0.92757
0.93776
0.932665
0.932665
0.93776
0.958139
0.968328
0.93776
0.92757
0.92757
0.92757
0.932665
0.917381
0.947949
0.942855
0.968328
0.968328
0.968328
0.968328
0.973423
0.993801
0.988707
0.978517
0.953044
0.932665
0.947949
