-3.518857
-3.466094
0.35804
0.363722
0.426227
0.403498
0.437591
0.471683
0.443273
0.545546
0.534183
0.466001
0.40918
0.7023779999999999
0.736355
0.674064
0.736355
0.747681
0.730693
0.736355
0.691053
0.662738
0.645749
0.606106
0.57779
0.549472
0.560799
0.560799
0.572126
0.560799
0.543809
0.538145
0.560799
0.606106
0.606106
0.59478
0.560799
0.57779
0.560799
0.57779
0.583453
0.59478
0.6004429999999999
0.662738
0.691053
0.645749
0.645749
0.645749
0.645749
0.560799
0.560799
0.57779
0.634422
0.606106
0.59478
0.560799
0.560799
0.57779
0.555136
0.583453
0.583453
0.583453
0.606106
0.645749
0.645749
0.691053
0.645749
0.679727
0.719367
0.792981
0.775994
0.781656
