9.031499
9.018601
9.017804
9.050068
9.037163
9.024257
9.004899
8.960183000000001
8.966640999999999
8.914975999999999
8.869768000000001
8.824559000000001
8.638313999999999
8.696496
8.677102
8.677102
8.670636999999999
8.452896000000001
8.452896000000001
8.407591
8.401119
8.401119
8.203058
8.203058
8.254898000000001
8.248417999999999
8.306737
8.257282
8.237821
8.218360000000001
8.224847
8.224847
8.174346999999999
8.135386
8.122399
8.089930000000001
8.096424000000001
7.907935
7.940433
7.959931
7.959931
8.005426999999999
7.84244
7.835935
7.84244
7.868459
7.848945
7.815166
7.756581
7.76309
7.7696
7.76309
7.756581
7.715599
7.715599
7.787247
7.819814
7.819814
7.772005
7.73942
7.700317
7.622108
7.58952
7.391981
7.398503
7.489814
7.496336
7.489814
7.299059
7.299059
7.299059
7.305586
7.299059
7.265057
7.265057
7.265057
7.369564
7.369564
10.101891
10.101891
10.051078
10.076485
10.117444
9.894925000000001
9.920356999999999
9.850417999999999
9.856776
9.694626
9.713721
9.669165
9.586416
9.586416
9.32255
9.258817000000001
9.195081999999999
9.163214
9.169587999999999
8.835398
8.873691000000001
8.892837
8.982181000000001
8.969417999999999
8.705228
8.788297999999999
8.749957999999999
8.749957999999999
8.833026
8.626002
8.549224000000001
8.530029000000001
8.530029000000001
8.44045
8.11168
8.054005999999999
7.970696
7.957879
7.868156
7.333573
7.288633
7.237272
7.256533
7.237272
6.93927
7.06145
7.06788
7.145042
7.138612
6.917405
6.994688
6.814355
6.943166
7.033328
6.888924
6.908274
6.888924
6.888924
6.830873
6.67937
6.66645
6.731052
6.918384
6.918384
7.00568
7.096232
7.135038
6.934529
7.076828
6.957022
6.892249
6.795084
6.749739
6.769173
6.668399
6.545134
6.584061
6.564598
6.512695
6.242901
6.294889
6.301387
6.340376
6.190913
5.803632
5.855714
5.855714
4.856171
4.330196
4.31699
4.04725
3.954616
3.795805
3.855361
3.398931
3.445357
3.398931
3.372402
3.405564
2.861145
2.814605
2.781361
2.621782
2.807956
2.461102
2.261139
2.27447
2.607729
2.65438
2.840687
2.880759
2.92083
2.934186
2.887437
2.726597
2.766762
2.739986
2.760068
2.820313
2.652237
2.773006
2.900475
2.860222
2.819969
2.678306
2.880026
2.880026
2.893474
2.826236
2.367489
2.212449
2.2866
2.441633
2.515775
2.730754
2.953628
3.02116
2.967135
2.892847
3.386252
3.250925
3.190024
3.257691
3.257691
3.366008
3.420246
3.433806
3.562616
3.630407
4.085169
4.098748
3.949373
3.888261
3.766031
3.915137
3.887931
3.983151
4.098769
4.187178
4.506672
4.465815
4.322808
4.404528
4.302378
4.397079
4.39026
4.703927
4.710745
4.710745
4.941683
4.757383
4.771036
4.648159
4.709598
4.728063
4.70073
4.687063
4.687063
4.755396
4.698004
4.698004
4.704843
4.834788
4.595409
4.612835
4.578608
4.640217
4.619681
4.592299
4.561659
4.445189
4.486297
4.376674
4.465743
4.33208
4.338937
4.393793
4.284079
4.215504
3.841733
3.882924
3.848598
3.855463
3.855463
3.495045
3.433184
3.330077
3.336951
3.275085
2.40463
2.521679
2.611181
2.501023
2.556103
2.04215
2.05594
2.104206
1.876656
1.890448
1.368036
1.319688
1.637375
1.658091
1.713335
1.549461
1.514889
1.466488
1.487231
1.584032
1.371365
1.412905
1.516752
1.461368
1.475214
1.373103
1.380035
1.484015
1.553332
1.518674
1.569184
1.527542
1.49978
1.416492
1.180487
0.653694
0.59807
0.445094
0.417279
0.438141
0.327339
0.174124
0.132336
0.22984
0.118406
-0.320916
-0.397665
-0.38371
2.4836
2.724681
2.951552
3.388842
3.530495
3.601318
3.410091
3.23301
3.556562
3.726421
3.577796
3.528251
3.457471
3.625035
3.808924
3.950364
3.858429
3.745272
4.124116
4.039323
3.961594
3.799057
3.700115
3.887818
3.760713
3.760713
3.90194
3.986671
4.229951
4.41333
4.363961
4.41333
4.392172
4.838472
4.838472
4.824384
4.89482
4.944124
5.177625
5.262034
5.402707
5.437874
5.360507
5.824149
5.760944
5.789035
5.796058
5.845217
6.110694
6.166788
6.180811
6.187823
6.103682
6.375069
6.375069
6.487079
6.50808
6.31206
6.407412
6.533231
6.505272
6.470323
6.470323
6.613328
6.355124
6.578438
6.669151
6.648218
6.92219
6.991835
6.880402
7.040584
6.963977
7.070035
6.993563
7.083939
7.076987
7.007467
7.273133
7.231497
7.141283
7.259255
6.981662
6.762687
6.922074
6.963651
6.797338
6.63794
6.26193
6.227317
6.28962
6.400375
6.511123
6.35072
6.288499
6.170964
6.01885
6.01885
5.453223
5.584506
5.53614
5.549959
5.63978
5.10343
5.186293
5.276057
5.365816
5.379625
5.14029
5.26447
5.292064
5.333455
5.35415
5.541901
5.603917
5.617699
5.597027
5.541901
5.625634
5.694467
5.625634
5.666934
5.721999
5.544097
5.440947
5.440947
5.447824
5.550974
5.819342
5.85368
5.82621
5.82621
5.839945
5.950162
5.970741
5.998178
5.991319
6.005037
5.998317
6.025724
6.025724
5.964059
5.970911
6.087136
6.093979
6.066606
6.046076
6.059762
6.154594
6.134091
6.161428
6.154594
6.270774
6.385535
6.385535
6.385535
6.365061
6.385535
6.485993
6.472363
6.479178
6.479178
6.513253
6.497541
6.504347
6.463513
6.456707
6.456707
6.360784
6.367582
6.360784
6.360784
6.394775
6.204526
6.265648
6.313186
6.326769
6.299604
6.307132
6.212145
6.273209
6.157865
6.307132
6.281287
6.294845
6.240615
6.240615
6.288066
6.269341
6.255794
6.282887
6.269341
6.282887
6.251247
6.325697
6.332465
6.346001
6.352768
6.388695
6.368407
6.361644
6.314303
6.212853
6.242511
6.127607
6.100569
5.985655
6.080291
5.874578
5.928632
5.928632
5.928632
5.975928
5.892688
5.973738
5.973738
5.939968
5.939968
5.979133
5.97238
5.992638
5.97238
5.965628
5.883943
5.870439
5.883943
5.856935
5.836678
5.796153
5.755638
5.802905
5.755638
5.802905
5.600806
5.668342
5.641328
5.675096
5.641328
5.601701
5.62872
5.594946
5.588191
5.588191
5.522032
5.576086
5.576086
5.555816
5.522032
5.442728
5.456247
5.456247
5.42245
5.456247
5.471906
5.519238
5.627422
5.613899
5.634183
5.892789
5.980695
6.000981
5.994219
5.919837
6.13027
6.103221
6.055884
6.076171
6.218177
6.542806
6.623933
6.427869
6.481958
6.481958
6.622725
6.622725
6.643002
6.629484
6.670039
6.809566
6.856858
6.843346
6.863614
7.012239
7.312535
7.245025
7.157258
7.191015
7.204518
7.490745
7.450265
7.403038
7.443519
7.531224
7.830124
7.904276
7.978425
8.106494
8.066051999999999
8.605479000000001
8.551612
8.578545999999999
8.504478000000001
8.430406
8.544995999999999
8.423883
8.437340000000001
8.484439999999999
8.491168999999999
8.585483
8.800603000000001
8.861101
8.874544999999999
8.861101
9.216199
9.222913
9.142334
9.149049
9.175909000000001
63.579023
63.70648
62.814088
63.961367
64.088796
65.931185
65.931185
66.188517
66.059856
66.188517
66.580702
65.79946200000001
65.929693
65.538972
65.538972
65.398273
65.13401399999999
63.283091
63.415364
62.22455
59.465631
59.465631
60.40866
60.678005
60.812662
60.676508
61.087866
61.087866
61.636195
59.716301
58.222943
58.222943
59.203036
59.203036
59.203036
58.72093
57.576737
57.576737
59.006863
58.72093
58.407299
58.845868
58.407299
58.261085
57.383548
56.154887
54.956022
54.956022
54.956022
55.255814
53.379579
55.684575
55.377416
54.762937
54.609284
56.269982
53.592854
52.489331
53.592854
54.538185
52.388121
49.63477
48.013154
47.688653
47.364093
41.165122
43.842573
43.340858
42.002258
42.002258
35.319831
34.453945
33.934211
30.465444
31.333269
29.837251
27.145227
26.246983
31.629682
35.387933
36.751827
35.458787
36.567164
39.703826
38.5974
35.949748
32.310421
32.885545
33.077212
33.268859
33.151021
36.333222
37.72365
37.72365
32.354583
37.56304
37.14998
35.703515
36.53021
35.083241
33.081434
33.297062
35.021148
35.021148
35.882566
34.918435
36.265189
38.731597
40.075472
43.877615
51.431926
53.514148
50.27408
48.188051
49.347258
58.896701
58.41785
61.528069
67.25568199999999
68.208482
83.15183500000001
87.05050900000001
90.211823
89.968847
80.466472
90.922026
83.667213
89.173607
89.42348800000001
91.17165799999999
90.13796600000001
90.906437
86.033765
84.235156
87.830533
114.712406
114.712406
119.601329
116.257759
109.292854
123.562402
127.457425
122.522253
130.308232
134.188162
150.851509
149.820681
148.273284
150.59386
148.273284
159.665497
160.179171
156.065476
160.949395
162.488809
189.110735
196.132637
201.38012
202.377807
200.381848
220.37117
215.989628
223.043197
220.37117
218.42522
233.648393
237.180025
237.415204
249.132344
251.932317
263.803516
266.040773
268.051739
266.040773
270.283303
285.250926
282.073241
280.588235
286.097281
287.788695
302.570291
300.77875
295.991778
297.588978
293.39303
286.509488
287.652334
285.175171
284.984467
287.842732
275.893004
276.256632
281.882713
284.598178
286.044609
283.39004
284.415584
283.731959
285.26972
283.731959
275.897036
270.86568
271.190744
271.515743
271.515743
259.522488
259.367914
260.758557
262.302358
260.913001
248.254052
250.46089
257.064003
250.46089
252.958463
244.674741
242.718527
241.599667
242.438882
241.599667
217.994818
218.534019
217.725152
217.994818
221.631093
204.462753
206.921787
208.860615
208.860615
206.016242
192.621871
193.993049
195.363124
193.993049
191.748728
185.367567
182.366589
178.758446
178.87884
177.915449
162.018953
165.751705
164.352873
169.47636
170.638658
163.652372
164.548626
162.194963
162.867767
163.652372
155.823596
154.63315
155.931777
151.816095
154.416617
146.345903
142.569927
140.783956
141.939795
142.25489
133.705817
132.788187
134.113496
135.030424
136.150455
129.940222
130.631528
129.940222
129.940222
129.050995
121.556373
122.037273
122.998673
122.037273
123.959542
119.974241
118.666452
118.012189
119.694083
119.694083
117.376007
116.740524
117.376007
116.740524
116.922114
114.910123
115.705161
115.616841
116.941165
116.499835
113.646797
112.355556
110.546209
110.546209
109.425196
104.037695
104.544466
106.654433
105.388759
105.051091
99.22568699999999
100.137304
100.137304
101.214058
99.888728
95.586322
96.644295
95.830527
96.644295
96.644295
93.034724
93.675104
94.07522400000001
93.675104
94.315251
93.32495400000001
93.95449000000001
93.797127
93.32495400000001
92.22272100000001
90.282881
90.282881
89.97210800000001
89.97210800000001
90.593599
88.73932000000001
91.03972400000001
92.11221500000001
91.499443
90.196592
89.35453200000001
89.885311
88.747731
88.368374
88.140721
85.767589
86.521021
84.410597
83.88259499999999
82.826115
80.519536
79.692308
78.638909
79.316166
79.91795399999999
77.918419
76.639904
76.56466899999999
76.639904
76.18844199999999
72.092624
72.2439
72.016981
71.941335
72.2439
71.059281
70.754411
69.83948700000001
70.22076300000001
71.059281
66.64629100000001
64.716804
64.40788999999999
64.562354
64.948454
58.234356
57.841899
57.213787
57.213787
58.391314
52.083239
52.56364
53.924068
53.283996
54.40397
48.139438
49.203679
49.940087
49.776467
50.594415
47.115974
49.292986
49.125619
47.786108
47.869857
43.370346
42.509739
44.230537
44.316533
46.121492
45.060349
44.265594
40.99453
41.967637
41.967637
40.577636
40.668609
39.303521
39.030377
39.12143
37.523689
37.429918
37.523689
36.210438
37.336141
35.929703
36.70282
35.446334
34.962834
35.83304
32.2671
33.266129
35.062972
34.06495
35.36227
36.121443
34.373738
34.579439
34.990771
35.093589
35.349778
33.439519
34.925453
35.774003
36.622148
43.765311
38.967251
38.858054
40.713498
41.367899
44.448655
45.346635
45.234412
44.560927
43.550221
40.95176
40.719734
39.210827
39.907404
40.371638
37.710937
37.110901
37.83092
35.309582
37.470947
33.9954
32.75237
33.9954
33.622582
32.75237
32.750903
41.999136
45.327002
47.627265
47.499551
55.803605
56.592021
58.823965
56.986098
57.248767
68.647267
68.9166
69.455142
69.320522
69.724351
77.385949
78.629127
78.629127
77.938581
78.76720400000001
88.687055
88.828163
87.98134899999999
87.41658
85.579824
98.16434599999999
97.87671
99.170704
98.30814700000001
96.869608
104.964182
104.964182
102.913191
103.206337
103.05977
111.919485
115.337423
112.51439
111.770727
115.188957
131.930672
133.275869
131.930672
128.638011
131.930672
138.564259
138.111034
138.564259
140.97946
139.772281
150.224255
147.187748
147.795477
146.73181
150.224255
161.813842
164.243441
165.305311
164.698609
163.939929
175.384615
182.334775
179.92053
174.778918
176.595369
172.984942
173.440198
174.350348
174.047018
176.47215
177.632624
173.85234
177.330508
176.121512
176.272683
174.224176
175.578892
172.41622
171.511526
173.320436
171.181329
171.630834
168.932039
168.181619
168.181619
167.256637
167.107718
165.766861
162.335462
161.737997
148.262748
151.541318
150.64778
151.690196
156.595965
148.469453
153.178427
153.472311
154.353663
154.79417
154.328859
158.082628
156.206766
160.820599
163.266672
164.917025
161.535622
161.253538
163.79063
165.339233
164.775546
159.820498
157.199567
154.436374
152.08417
143.047296
144.544166
148.619958
149.569592
149.16267
137.387613
141.124774
140.858101
138.856746
137.387613
129.811949
134.794272
133.615542
133.877551
132.3049
126.442147
130.298657
130.812211
130.940576
121.02861
107.75689
110.049976
110.940919
111.195391
107.374416
101.127955
98.10886600000001
100.625135
102.133161
97.85704
82.528834
82.779241
88.029571
89.402068
88.403994
83.93290399999999
83.93290399999999
79.971836
81.705901
83.438258
72.377622
71.88418
73.36409399999999
72.747614
72.994232
66.810315
67.546908
69.26443
71.470221
72.20487199999999
69.316616
68.34344
69.194998
69.438225
65.29880300000001
59.471502
61.169539
61.775586
62.017946
61.048304
57.928219
58.048714
57.928219
59.373619
58.169201
57.54733
56.707317
55.746815
56.587283
59.465863
61.128177
59.335315
59.335315
57.78003
56.462953
52.803089
54.844607
52.923244
52.562756
52.923244
50.48504
53.14105
53.744134
53.261683
51.089028
51.296455
50.566994
51.418002
54.211301
53.725826
54.630109
56.707569
56.463289
57.073927
56.096804
56.588419
55.972174
53.628485
53.258145
51.652446
48.311908
45.92713
45.92713
47.308181
47.559166
43.875607
45.79231
46.430753
43.364136
45.920017
44.358062
43.314625
42.401115
42.662166
41.095287
38.342554
37.538114
36.733311
37.404005
37.269887
33.256996
34.225844
35.747256
38.372093
39.200186
38.16458
37.594526
38.734451
38.307065
38.16458
39.174149
38.437345
38.58473
37.847682
37.847682
36.775689
36.775689
37.845956
38.304445
37.845956
36.904974
37.222569
39.285555
39.285555
41.029294
46.692823
47.676619
48.168312
48.168312
47.184789
55.239457
55.239457
54.732628
54.056631
54.563653
66.055046
65.014477
66.748418
65.361401
65.88166
75.29934799999999
74.765033
73.87414699999999
72.447793
73.339399
77.393033
77.393033
75.733947
76.102768
76.102768
79.78706099999999
80.169464
81.316175
82.65306099999999
83.79815499999999
90.898889
91.686301
91.686301
91.489481
89.323004
96.773072
94.53913
94.53913
94.742334
93.929379
97.774587
98.19356399999999
99.86846800000001
100.077719
99.031216
104.903894
103.611488
100.592154
101.023807
100.376288
100.716869
100.716869
100.494861
99.384401
98.717786
93.80877700000001
93.80877700000001
92.205162
90.600078
90.370661
84.00724200000001
85.892366
88.716266
85.892366
85.892366
85.914141
85.43209899999999
86.155112
83.985179
82.778502
82.95860500000001
83.697479
86.649874
87.878576
87.878576
93.015332
90.52422199999999
91.521091
92.268371
90.025575
94.429632
95.43980999999999
96.449406
98.2148
98.466854
101.091227
97.52403099999999
98.28904300000001
97.52403099999999
93.43832
89.256198
87.96043400000001
83.287752
82.767798
82.507763
74.065175
74.065175
74.065175
75.91744799999999
71.41569
56.725596
55.63586
55.908357
57.542458
58.086823
44.769776
43.650106
45.88874
43.370079
42.809891
35.148874
35.148874
35.436502
36.873941
35.148874
25.688682
25.688682
28.651965
35.743836
35.448904
32.172951
33.38722
33.08373
34.29738
33.38722
28.129939
28.757022
30.950083
28.757022
20.902613
62.945421
63.415066
62.788845
63.971281
65.398762
63.971281
64.288599
65.5573
65.918488
64.954779
64.79411
63.829787
63.347429
55.231054
53.428268
52.444157
52.444157
52.608213
50.794544
49.463072
48.463812
51.626207
51.459905
46.633013
45.955987
45.278704
45.278704
44.770572
40.543689
37.776914
34.485777
32.924694
33.965568
16.916617
16.916617
14.227825
14.227825
15.303826
0.0
2.414985
2.04366
-0.371824
0.929224
-21.464253
-19.325746
-20.880773
-19.325746
-19.714378
-32.263485
-32.060043
-32.87395
-30.839866
-29.823678
-35.599766
-39.006677
-37.941331
-37.941331
-35.812511
-45.434957
-40.50415
-42.295626
-42.295626
-42.071596
-48.414761
-50.312012
-52.686354
-51.736247
-45.572579
-55.15528
-54.903043
-62.738589
-62.232056
-62.485305
-70.975393
-71.24749799999999
-72.880979
-74.243323
-72.06405700000001
-86.485618
-87.374427
-82.93465999999999
-82.93465999999999
-80.866426
-86.417598
-81.918047
-83.202512
-83.523768
-84.48787299999999
-53.006135
-61.646168
-58.876914
-51.97207
-48.873386
-38.900895
-43.024933
-42.649634
-31.799507
-24.725782
2.005571
4.409309
8.408408
16.77763
23.128046
64.31634099999999
57.142857
65.158371
64.31634099999999
59.255725
86.020956
81.074856
77.017679
84.673399
75.211484
109.477704
98.495212
95.13898399999999
96.578155
100.410172
112.746963
122.416813
123.431573
120.385514
100.969163
113.243158
121.995607
125.266458
139.909474
131.247066
128.744939
129.915683
134.590771
134.007074
132.83909
169.071429
188.565341
198.229462
200.636943
203.641506
271.264368
267.007673
274.298214
286.980207
285.174419
344.387755
330.686185
316.868798
321.688073
324.692942
334.129756
326.911033
328.116369
334.129756
337.128167
344.045231
351.746725
347.011662
342.857143
344.045231
350.161812
353.080654
361.805804
367.596567
366.440072
368.325158
361.516854
359.810293
356.962025
361.516854
360.246322
340.733092
328.911917
315.866135
315.866135
305.447141
317.145756
303.209373
310.471027
307.681872
290.574866
284.480161
287.253262
271.663866
280.59001
261.338661
255.770514
250.183762
263.005492
266.888298
262.82534
261.185719
260.091743
261.732438
266.644866
269.583267
255.163566
248.714653
251.942215
251.40472
255.617978
267.060653
257.182967
258.746492
258.746492
288.770053
281.375614
283.844094
279.892761
292.700297
302.925606
302.925606
297.40441
301.547038
314.369013
305.98841
301.31545
306.836616
310.22508
300.464396
293.730074
300.353523
304.625162
305.788235
302.68488
296.538462
298.302189
296.538462
296.891358
298.302189
284.954894
284.311633
276.249757
272.366115
274.956217
254.260808
257.531325
253.963171
255.153402
256.342786
240.469782
236.080033
239.92169
241.017696
239.373419
230.821147
227.533403
227.533403
227.280234
226.013818
204.804679
203.38558
205.277449
206.694968
208.347245
186.685681
184.471687
183.806929
185.357629
190.663645
173.486088
173.486088
172.862859
172.447247
172.447247
154.250315
156.225636
155.633278
155.040716
156.028206
143.984285
148.504169
148.316076
150.383966
152.637022
149.844107
148.588657
148.588657
149.4855
148.409233
144.432216
146.505349
150.988616
150.988616
151.849448
157.100336
156.273709
156.769733
157.265614
156.108337
161.276006
161.276006
164.769998
166.831295
166.038781
168.88494
164.611689
163.847489
164.611689
165.528282
165.191336
165.191336
165.191336
164.16185
165.191336
162.016335
162.299951
163.858998
162.583519
163.433944
162.302707
164.078519
164.488061
162.576029
161.619214
156.449312
156.183718
156.980376
159.368137
161.222997
156.686036
154.360956
152.809157
152.162162
152.162162
145.251806
147.024966
148.290395
149.049207
147.151551
142.067877
144.794953
144.794953
143.30799
145.042655
144.858044
145.100238
144.010097
143.525369
141.706427
133.783784
134.620024
134.858876
135.33648
136.529916
133.504771
131.979283
131.627057
130.687437
129.159467
120.916581
121.612699
121.612699
122.308539
122.424485
117.283465
118.882403
118.197324
117.968904
117.397723
112.380153
112.154964
112.267562
112.380153
112.717883
107.464395
107.57542
107.57542
108.352403
108.130443
107.650923
107.760158
108.524611
107.869386
107.869386
105.249538
104.495732
103.849354
103.094945
103.094945
97.202414
97.202414
96.45502500000001
96.348229
96.134618
91.286608
92.98250899999999
94.57092799999999
93.618049
94.359222
94.45026799999999
94.030253
93.61013800000001
92.664509
93.294985
90.630121
93.555205
92.40664599999999
92.093273
92.511092
92.726303
92.10245500000001
91.998458
92.206445
91.374351
88.257239
87.529245
87.529245
88.777051
88.15325900000001
84.524056
83.69117799999999
83.06626
83.170428
84.524056
84.407472
85.967923
86.799598
86.59171600000001
86.799598
86.642984
87.57879800000001
86.85098600000001
86.43495799999999
86.43495799999999
88.212838
87.48520000000001
86.861271
86.133073
86.549223
84.48
84.48
84.48
84.48
84.375833
84.075754
85.533995
85.429875
85.533995
86.782954
89.36434300000001
88.430387
89.36434300000001
90.50517000000001
90.09041000000001
42.527696
42.427154
43.432317
44.336478
42.820024
43.33343
43.128085
43.128085
42.820024
41.617882
41.828288
42.249024
41.828288
42.249024
41.709381
41.385586
41.493524
40.629835
40.845797
40.198372
40.420422
40.642445
40.420422
40.531437
40.236382
40.350708
40.579338
40.465027
40.922227
43.805178
42.981876
42.628915
42.628915
42.040492
38.515176
39.002051
39.123748
39.245438
39.9754
39.412346
39.412346
39.538087
41.548724
40.040959
40.731414
41.250958
41.250958
40.601504
40.861314
40.250812
41.191798
40.788579
40.788579
41.191798
48.016848
46.908282
44.133838
43.161759
42.189148
38.657914
38.513596
40.388821
38.657914
39.523578
48.11463
45.732014
46.030016
45.881021
45.582994
48.492222
50.188925
50.188925
51.267801
48.492222
47.89609
47.094912
46.934633
46.293372
47.094912
46.40045
45.734108
44.067161
44.400675
43.2331
39.430835
39.430835
39.256724
38.2117
39.430835
35.667228
38.032051
36.577147
36.759075
38.577333
41.198701
41.38812
40.061765
37.78571
37.406085
32.568269
34.559357
32.966665
34.758344
36.548223
37.861525
38.485804
38.693849
44.716585
44.509244
61.19104
66.981818
68.052105
67.8381
67.62406799999999
84.15231900000001
81.05660399999999
78.398792
77.733711
74.626678
81.304006
78.76842499999999
79.690877
86.593895
86.593895
95.590327
92.501695
84.159021
86.78527800000001
83.203045
50.028653
61.940458
62.698073
63.202969
60.171429
65.57620799999999
65.57620799999999
65.838971
61.630071
59.785523
64.176097
64.72411700000001
73.469388
75.921205
70.194986
75.98715900000001
72.589974
79.94228
77.96583
75.70431000000001
88.683145
84.032779
84.61474800000001
79.66186
83.741722
84.16382299999999
83.263634
84.16382299999999
83.863811
79.357485
95.7948
98.849372
99.459648
102.507837
104.638413
119.491525
122.254565
127.155818
131.433096
137.525248
155.749405
157.87249
164.528037
164.82995
163.924051
183.900444
175.556137
172.56614
180.329297
189.243201
210.918367
212.358691
210.918367
211.20653
204.85561
213.594815
214.157527
211.342092
209.932618
212.468828
218.824669
216.366427
220.734167
226.449742
229.164655
230.776412
232.872026
235.749243
233.657209
232.086476
227.331431
222.766917
222.766917
219.717038
217.935396
210.931351
211.918986
209.201604
208.212384
208.212384
191.152701
197.183497
196.942675
196.942675
197.183497
196.265134
191.368681
193.002396
192.302424
191.368681
191.605984
193.410083
196.562665
196.337674
196.337674
193.57558
192.269852
190.527325
184.851783
185.289034
177.830247
182.501862
183.985611
180.804569
181.441251
174.399711
176.459975
173.368649
171.098127
171.511173
158.525129
160.140845
161.351637
160.544537
159.1312
154.588599
156.754286
157.737789
158.131033
158.917252
153.656093
153.656093
152.88879
153.656093
149.431692
139.004466
139.004466
137.495914
135.986046
136.929868
125.952
127.433628
126.692972
124.283656
121.685267
112.635379
113.182674
111.905385
110.26178
110.079062
100.072068
99.351251
98.44981199999999
96.64554
95.200784
76.189505
74.931129
74.931129
76.36919899999999
77.626548
65.474386
68.863877
73.31384199999999
73.491607
73.31384199999999
70.916454
70.387039
70.034007
72.15114
72.503748
71.623974
72.501243
70.921845
71.623974
73.027395
73.254778
71.682599
70.808561
70.98340399999999
68.183846
67.554587
70.17613299999999
70.17613299999999
72.09612799999999
72.27057000000001
71.12945999999999
73.555992
72.689757
73.209549
72.516459
75.905727
75.905727
74.360598
74.704077
74.188834
72.542766
73.905903
73.735568
72.713216
74.076221
77.987662
79.50286800000001
82.19335100000001
82.19335100000001
84.54415299999999
91.646238
90.157053
91.480835
90.653589
89.825952
97.053082
91.018299
89.220162
89.710746
89.87424300000001
92.676872
92.031818
91.70920099999999
91.386526
91.225166
88.445235
88.125085
87.804878
90.205011
91.643517
93.905967
93.271839
93.271839
93.747457
93.11327199999999
93.327322
96.012975
93.80155999999999
93.327322
90.954207
87.66974500000001
88.941176
91.322632
91.95714100000001
92.591421
96.92684300000001
97.56186
97.085618
96.450428
93.58922
88.150487
88.471923
88.150487
87.18582600000001
87.024998
85.543564
88.308803
88.63383899999999
85.869112
86.19459999999999
81.964437
82.791704
82.957111
81.798937
81.964437
85.669321
87.344487
84.83113899999999
82.31419200000001
78.27957000000001
71.968481
71.281927
72.483221
69.908016
66.9849
49.3348
48.268961
48.624312
48.624312
45.601562
30.155119
29.601283
26.644584
28.308329
25.534559
4.08472
0.778757
-2.143321
-1.753437
-1.948368
-26.680349
-26.887115
-26.887115
-25.233645
-24.820513
-43.716771
-43.496647
-43.716771
-45.258386
-45.478723
-69.118883
-74.58241599999999
-74.344533
-68.170361
-66.985399
-85.10638299999999
-85.10638299999999
-84.081746
-85.618915
-86.387981
-108.133464
-110.09841
-107.852928
-105.890359
-107.572434
-128.688729
-128.998009
-126.525199
-125.290023
-118.818761
-124.39688
-126.424682
-122.70873
-123.721436
-120.684969
-131.790524
-129.186603
-131.418312
-135.516725
-131.418312
-149.121838
-158.671096
-153.267721
-150.779092
-145.811721
-150.96633
-145.048544
-149.599028
-146.867411
-153.703929
-154.828369
-140.838323
-131.899642
-132.890718
-123.496689
-108.728324
-122.175489
-117.323291
-120.017394
-121.096129
-124.732556
-122.355194
-122.94925
-124.137931
-110.513759
-75.467775
-88.88888900000001
-98.53556500000001
-95.95818800000001
-95.31440499999999
-127.495622
-134.035088
-126.770428
-120.25636
-132.579891
-185.41806
-177.837116
-194.725078
-194.725078
-183.730778
-198.864223
-227.516255
-244.514107
-249.542244
-252.565445
-348.31244
-338.185316
-320.587297
-348.31244
-348.31244
-564.797914
-575.686275
-586.631717
-534.253667
-445.251161
-652.272727
-671.147749
-668.441065
-660.341556
-644.234405
-1358.940397
-1629.050279
-1636.363636
-1725.746799
-1557.024793
6405.882353
6378.640777
6433.663366
6287.323944
6312.796209
1166.480447
1236.889693
1234.751131
1253.859964
1285.031001
783.977901
833.649932
846.105358
818.553888
875.545657
739.643653
768.806834
761.767956
756.269029
736.454849
641.943128
655.896226
654.738498
646.026425
633.15508
537.052759
522.120658
520.243902
523.058178
522.120658
462.361128
463.12706
467.333008
474.191194
471.146822
416.281896
416.281896
424.320776
429.444388
424.962133
376.82359
377.101474
378.767773
374.87706
379.877681
344.291692
342.588024
342.100935
340.638791
340.638791
306.398198
307.27056
304.433693
304.870453
306.834437
282.007869
283.194279
283.58956
291.278759
295.796723
286.163285
286.163285
284.200323
282.235034
282.235034
269.287129
278.659229
278.495261
276.690541
283.57076
287.379873
287.53003
288.280613
284.825115
284.373866
278.170111
279.288148
279.56754
279.56754
278.589463
275.360502
276.402382
280.303623
279.913911
285.102559
282.882424
282.882424
282.640836
282.157555
282.882424
279.597388
279.597388
280.161833
279.371557
278.015922
272.918392
271.009689
271.646167
271.858272
272.388416
263.293864
264.690059
265.288071
266.88172
266.782162
254.664981
257.012914
255.134831
255.98023
255.886318
255.886318
257.294445
255.698478
245.859232
244.883056
243.99513
244.172753
243.462149
231.947396
232.620922
232.620922
232.452566
232.620922
222.173862
222.812951
223.531637
224.010592
225.207383
216.725907
216.877166
216.347702
216.27205
215.742397
206.257154
206.185217
206.904444
205.897441
205.96939
198.202979
198.408104
198.408104
198.749925
199.97991
193.716738
192.936867
192.091603
193.00187
193.131868
187.231107
187.169154
187.540841
187.540841
187.664718
180.401932
180.934579
181.171258
180.993752
181.585368
174.601757
174.601757
174.431762
174.658418
174.601757
168.921146
169.356065
169.736529
170.171242
169.573484
163.633877
163.790536
163.790536
164.051602
163.842752
158.574805
158.725434
159.277629
159.679113
159.77947
154.725768
154.725768
154.774095
154.919068
154.725768
149.823722
149.823722
149.544073
149.49746
149.49746
144.307957
144.307957
144.533257
144.353019
144.127696
139.124503
139.080779
139.211946
138.862146
139.037055
133.675625
133.931072
133.931072
134.143915
134.143915
130.013043
130.013043
130.635783
130.469741
129.763885
125.256539
125.459581
125.703201
125.946786
125.824998
122.450939
121.854638
122.17269
122.132937
122.570175
119.196489
119.235463
119.196489
119.079559
119.118536
115.775595
115.966996
115.966996
115.890438
115.890438
112.445361
112.445361
111.880654
111.918307
111.918307
108.613771
108.131868
122.522523
122.522523
120.781172
121.213335
120.632802
120.400534
121.213335
120.865038
120.58853
121.168857
121.168857
121.748991
121.98099
122.567977
122.45224
122.220743
121.062795
122.220743
119.872391
119.872391
119.641077
119.062656
119.062656
117.901583
117.323775
117.323775
117.439352
115.936255
113.77595
112.040877
112.040877
111.925144
112.966464
109.842637
108.685998
107.991647
108.107391
109.495726
105.87885
105.416405
106.341173
105.76325
106.110027
100.805706
100.921248
100.343461
100.690156
100.690156
94.081202
95.23621300000001
94.88978899999999
95.467123
94.196738
83.68509400000001
84.14814800000001
84.495358
84.03239600000001
84.495358
76.72927
78.235139
79.508331
79.508331
77.656111
72.146659
72.726078
73.76855399999999
75.273264
75.157563
75.834097
76.986463
76.410374
76.06462999999999
76.52560699999999
74.226804
73.881693
73.76664100000001
73.76664100000001
73.881693
70.411057
71.906158
72.48086000000001
74.433446
74.433446
76.20531800000001
75.40430000000001
75.060894
77.120322
77.691958
78.25833799999999
78.600078
79.738731
79.738731
78.941751
81.092071
78.250759
77.795723
76.316045
77.454369
76.417292
75.048556
74.82033
75.733057
75.733057
73.94455499999999
72.110038
73.600728
73.027535
75.204678
72.138864
75.710274
74.789312
74.904459
75.710274
74.112076
72.25585700000001
70.862409
75.850508
75.734666
77.00917200000001
76.892509
77.125828
76.892509
78.291956
78.315789
77.491811
76.196208
75.724844
73.602142
72.312174
70.877669
71.834135
70.638471
69.08289499999999
64.361006
65.456799
63.751938
63.020779
63.873768
58.139943
57.891226
57.269279
56.771565
55.402129
47.216932
46.323054
45.300928
45.17312
44.789644
36.906737
37.169512
37.826279
38.745347
39.926308
33.391383
35.415642
35.280763
36.224702
38.649681
35.117174
36.225184
53.862028
53.33923
52.993669
54.075486
55.967078
57.856653
60.552553
68.823944
65.50074499999999
67.440038
67.440038
67.71690599999999
77.547398
79.53555900000001
78.68376499999999
78.399742
74.98788999999999
84.173739
85.05116
87.680798
85.343537
87.680798
97.814348
96.613221
96.613221
99.61449500000001
100.513875
125.365299
125.973231
129.919609
123.540226
118.663978
125.709156
126.95621
127.890912
131.002958
133.178072
151.485958
152.739166
148.662907
147.406733
145.83523
150.347254
150.666667
149.388662
156.08764
154.495006
167.606557
165.998126
166.963366
169.213483
178.184535
190.955342
184.519539
181.292517
183.552073
184.197111
190.121581
189.473684
185.256349
182.655878
181.67968
182.56136
181.908492
181.908492
182.234957
182.234957
