-10.112858
-10.12754
-9.811560999999999
-9.943829000000001
-10.098157
-9.958529
-10.178991
-10.142241
-10.156943
-9.840948000000001
-9.701356000000001
-9.488303999999999
-9.561769
-9.495656
-9.657276
-9.921785
-9.768217999999999
-9.671972
-9.870343999999999
-10.068755
-10.281888
-10.399498
-10.267195
-10.245136
-10.362752
-10.649445
-10.678859
-10.73768
-10.803853
-10.818562
-10.649445
-11.009751
-11.237745
-11.089917
-11.0024
-10.862669
-10.568574
-10.855329
-10.664152
-10.289245
-10.178991
-10.068755
-10.046709
-10.223087
-10.017318
-9.995263
-10.105503
-10.017318
-10.024664
-10.273811
-10.07611
-10.274542
-10.215741
-9.976160999999999
-9.760123999999999
-9.392809
-9.796863
-10.06141
-9.686659000000001
-9.583807
-17.074416
-16.898423
-17.114419
-16.778446
-16.69846
-16.69846
-16.914414
-17.218432
-17.090419
-16.906418
-17.06642
-17.074416
-16.906418
-16.690466
-16.57849
-16.706454
-16.826436
-16.802441
-16.92242
-17.010415
-17.266426
-17.242434
-17.37045
-17.306435
-17.330439
-17.65856
-17.442477
-17.546504
-17.554514
-17.578522
-17.602531
-17.434468
-17.402464
-17.570523
-17.610541
-17.778615
-17.850653
-18.218914
-18.363051
-18.23493
-18.355047
-18.258951
-18.307003
-18.45115
-18.274968
-18.074802
-18.122838
-18.090807
-17.994751
-18.106822
-18.218914
-18.106822
-18.06679
-18.010765
-17.906692
-17.914693
-17.890679
-18.002752
-18.082805
-17.970735
-18.347043
-398.321556
-399.241436
-400.205744
-400.863603
-399.811198
-398.89098
-399.592029
-399.329091
-397.927431
-397.577214
-395.914836
-396.658322
-393.773805
-394.2979
-396.177195
-396.833287
-393.730162
-394.909462
-395.871076
-396.308392
-398.452934
-395.346506
-395.739917
-396.264678
-396.964539
-397.839913
-396.04601
-396.877018
-398.452934
-398.628103
-398.365328
-398.759565
-400.249628
-399.153785
-397.052066
-397.708529
-398.321556
-398.759565
-397.095802
-397.270875
-397.402164
-396.833287
-397.927431
-397.839913
-671.262116
-673.392256
-674.22984
-673.011755
-673.468346
-679.493274
-683.4707990000001
-684.160138
-683.5090709999999
-680.869094
-677.843848
-673.110631
-659.292222
-668.7550230000001
-668.071944
-671.034053
-670.653984
-674.0013760000001
-677.408832
-677.355323
-685.463024
-686.766913
-689.915777
-687.150625
-687.304154
-686.843709
-682.169344
-679.111295
-677.889582
-678.82102
-678.882169
-676.89768
-680.257491
-680.486803
-682.016381
-681.786862
-686.69785
-682.766418
-683.983943
-680.7772629999999
-682.016381
-688.839909
-687.687988
-1831.021836
-1842.529853
-1829.717693
-1843.054445
-1843.841385
-1840.171211
-1834.938081
-1830.500019
-1844.103991
-1849.094747
-1833.89311
-1838.600143
-1842.005731
-1809.21231
-1805.082206
-1798.386261
-1797.357725
-1809.470585
-1818.014789
-1825.029056
-1827.632694
-1848.042894
-1843.841385
-1857.525718
-1873.683469
-1881.40563
-1888.083454
-1881.139048
-1892.635462
-1893.708045
-1902.843482
-1915.802623
-1925.026598
-1924.211288
-1933.468574
-1958.980425
-1962.293027
-1950.72039
3416.064013
3416.624277
3420.287336
3419.792092
3417.677082
3421.351033
3421.209007
3417.888014
3417.396063
3418.451138
3417.817721
3420.429
3422.27543
3425.493515
3425.565415
3419.297529
3418.59208
3419.438803
3413.206386
3408.654011
3408.242956
3407.285861
3404.56553
3402.33683
3402.33683
3403.753435
3404.430036
3405.515271
3407.764131
3406.324581
3406.33135
3403.888669
3401.39571
3399.854832
3397.655965
3396.131457
3395.866967
3396.594755
3396.329912
3399.454008
3395.008979
3398.453952
3396.091744
3396.660953
3398.254284
3400.523954
3396.727163
3396.660953
3396.329912
3395.404811
3395.008979
3396.329912
3396.197567
3396.263777
3393.693048
3394.541242
3390.35977
3387.897003
3388.931772
3399.487378
1000.065157
1001.995
1000.873575
1002.801583
1002.084671
1001.995
1001.008167
1001.411994
1001.008167
1001.277406
1002.89117
1002.487986
1001.725988
1001.95019
1000.155033
1000.155033
1000.424542
1000.738902
1002.532827
1000.51438
1000.244839
999.840457
999.8853779999999
1001.053026
999.12104
998.311014
996.675069
995.424559
996.46293
995.01782
993.162693
995.243797
999.076019
997.680439
998.581108
998.446072
995.876178
995.10823
994.249099
993.072077
993.2079670000001
994.249099
994.610947
992.8002300000001
992.437553
993.072077
993.7513750000001
992.8002300000001
990.4404929999999
988.4386950000001
985.747065
985.015669
987.025537
985.427194
986.2952330000001
984.054818
983.367837
982.038091
983.642695
979.510429
585.820343
586.48233
589.786321
594.1318680000001
593.1129100000001
594.460316
595.116948
594.755845
593.737534
592.586663
591.00621
589.4234300000001
590.182135
266.097875
270.420944
271.030045
273.665855
276.144375
276.144375
277.08726
276.262284
278.906918
279.390817
279.861056
279.214417
279.088398
278.836342
277.036747
277.608862
277.120904
274.59379
227.910599
230.719456
231.33267
230.516942
230.318793
231.801904
231.303331
232.549405
233.516076
234.028383
234.657522
236.586808
236.207025
235.417887
236.10475
235.944048
236.572191
236.572191
236.616022
237.010251
235.784759
236.835034
238.002612
239.708166
240.057719
239.037878
239.897513
239.241914
238.250572
238.469313
238.002612
238.090131
237.696227
237.754582
237.243822
237.433568
237.535733
239.110756
238.396397
236.469966
235.300953
236.323893
235.958653
235.76868
234.525875
235.315585
234.408838
234.745279
236.06094
234.701402
235.637151
235.183989
233.559996
233.867391
233.589281
233.106069
233.296434
233.325726
232.344258
231.22999
201.154424
200.723012
200.827616
201.546522
200.670698
201.232864
201.180571
201.206717
200.879906
200.513777
199.597969
199.074363
199.152916
199.964383
199.951288
199.807357
199.218379
199.270736
199.126726
198.812478
199.244567
200.369893
200.252176
200.553009
201.075996
200.291417
201.049847
201.285137
200.997564
201.115211
200.657628
200.278342
200.553009
200.029804
199.977461
199.42783
199.872785
200.121373
199.545625
198.498133
197.921637
199.008892
198.825567
198.511226
198.432632
198.052688
197.829907
197.777472
196.833453
196.544838
196.439875
197.069503
196.400513
196.833453
197.095736
197.711933
197.056395
196.50548
196.190572
196.636679
171.582031
171.534115
171.270504
172.348571
172.2887
172.2887
172.743614
172.875289
173.066756
172.683762
172.911192
173.222316
173.7367
173.844333
173.748655
173.485521
173.270168
172.611942
172.192903
171.97733
172.061173
172.156979
172.755594
172.360538
172.240794
172.264747
172.360538
172.42039
172.468289
172.552083
172.109069
172.456306
172.599976
172.587995
173.87065
173.521406
173.892178
174.394341
173.7367
174.023717
174.430201
174.501918
174.848498
174.217419
174.501918
174.645356
174.537791
174.023717
174.191094
174.46606
175.05164
174.549738
174.752912
174.011765
174.27479
174.310653
174.908248
174.478024
174.167209
174.155243
156.645377
156.15773
155.869485
156.080138
156.545662
157.033174
156.822665
156.700784
156.268569
156.202064
156.235317
156.512417
156.678618
156.767263
156.778352
156.479171
156.423754
156.512417
156.601073
156.900226
157.431894
156.656467
156.601073
156.93346
156.767263
156.235317
155.359338
155.170757
155.115283
154.849
154.837894
153.238949
153.605553
153.905411
154.105291
153.183391
153.616655
153.138952
154.094193
154.194115
154.227421
154.094193
153.905411
154.08308
154.071982
153.761048
153.550011
154.105291
153.949838
153.794365
153.038933
153.450038
153.716629
153.30561
153.227844
153.494467
153.661092
153.916525
153.338939
153.361162
137.745494
138.248253
138.269201
138.237786
138.154003
138.279682
138.101635
138.185421
137.975952
138.080684
138.352976
138.195902
138.216837
138.468142
138.646139
139.169478
139.441539
139.59846
139.567064
139.640298
139.650768
139.703059
139.274126
139.514767
139.682148
139.943633
139.828586
139.619372
139.284585
138.865973
139.064822
139.064822
138.886911
138.677544
138.834573
139.190411
139.022965
139.159018
139.431082
139.274126
139.451996
139.043887
138.907835
138.740352
138.625197
138.66708
138.635675
138.907835
139.295057
139.368293
139.200871
139.347363
139.127611
139.263653
139.661223
139.880884
139.765831
139.83904
140.131863
140.225967
99.673078
99.58031
99.464355
99.533929
99.91267499999999
99.892028
99.93066899999999
99.98476700000001
99.752922
99.745197
99.596161
99.61161199999999
99.542047
99.44927800000001
99.44927800000001
99.318287
99.20230599999999
98.78471
98.64548499999999
98.36000199999999
98.757077
98.733873
98.958179
99.050988
99.26749
99.133297
99.396204
99.49670399999999
99.76727099999999
99.24156600000001
98.769969
99.198476
99.427364
99.350048
99.435102
99.374391
99.498116
99.590897
99.791912
99.768721
99.716942
99.863838
99.948865
99.84064600000001
99.662813
99.535208
99.327924
99.388266
99.96823499999999
100.076466
99.942689
100.066403
99.93495
99.996809
100.128256
100.249771
100.11059
100.512614
100.458499
100.357229
99.765691
100.009851
100.33788
100.44466
100.163966
100.350065
100.807687
100.952567
100.594143
100.575843
100.620178
100.749839
100.574414
100.276893
100.322668
100.599261
100.461946
100.561126
101.117895
101.415247
101.475937
101.475937
101.620781
101.719877
101.80371
102.029449
102.059938
102.197086
102.059938
102.303767
102.3672
102.420536
102.634585
102.486807
102.504338
102.206693
101.766937
101.713582
101.705963
101.698334
101.830565
101.793976
102.149907
101.921259
101.898394
101.542218
101.633714
101.717573
101.664204
101.618463
101.224716
101.148455
100.995909
101.049298
101.095061
101.151767
101.479688
101.693185
101.891377
102.013347
102.886596
102.856469
102.796224
102.946837
102.44223
102.467728
101.849875
101.23172
100.681163
100.424659
100.250731
100.582743
100.944835
100.333742
100.673273
100.869055
100.884145
100.838885
101.216025
101.291422
101.004712
101.148788
101.19404
101.523586
101.49117
101.411686
101.404138
101.468248
101.332496
100.989286
100.877781
100.76461
100.281562
100.83252
101.164485
101.258085
102.067278
102.404231
102.562503
102.221066
102.209505
102.209505
102.571317
102.458255
102.428109
102.548138
102.721494
102.759177
102.751645
102.826989
102.764056
103.163426
103.231229
103.140824
103.057944
102.955647
102.940583
102.729567
102.699424
102.428048
102.610417
102.2371
102.132552
102.588012
102.528297
102.464023
102.464023
102.284815
102.240012
102.516291
102.376714
102.316975
102.727616
102.496183
102.36925
102.325583
102.788475
102.878054
103.10942
103.221352
102.609211
102.39269
102.347889
102.474825
102.579352
102.384372
102.212612
102.07072
102.179764
101.861566
101.636339
101.682661
101.607943
101.122189
101.099766
101.30341
101.116547
101.094124
101.258559
100.832485
100.32109
100.261259
100.2635
99.505549
100.156534
99.92461400000001
100.186484
100.575445
100.822212
100.874557
100.613752
100.875501
100.41927
99.66352999999999
99.326669
99.33156200000001
99.23421399999999
99.00880600000001
98.585561
98.342793
95.10250000000001
95.50555
95.41003000000001
96.042766
96.206858
96.492087
96.531615
96.290694
96.457779
96.43988299999999
96.62215500000001
96.75865
96.838453
96.37374800000001
96.57740200000001
96.456461
96.303482
96.157954
96.516144
96.47138699999999
96.86717400000001
96.82239800000001
96.971614
97.4117
97.337125
97.32418199999999
97.301802
97.167512
97.36894100000001
97.26450699999999
97.297938
98.021595
98.125996
97.857502
98.06634200000001
98.017517
98.12195699999999
98.00260400000001
98.00260400000001
97.78622799999999
97.953861
97.983707
97.849379
97.677713
97.610525
97.45032999999999
97.734078
97.345787
97.33084700000001
97.19640200000001
97.141248
96.90361900000001
96.92455200000001
97.03663899999999
96.812445
97.32579200000001
97.393044
97.46776
97.258526
97.21368699999999
95.424646
95.626065
95.566389
95.60368800000001
95.379884
95.473026
95.398397
95.017734
94.726567
94.898287
94.260615
94.29050700000001
94.20831699999999
93.737493
94.469803
94.608396
94.556088
94.52620400000001
94.75782100000001
94.48884
94.247164
94.127537
94.336871
94.643337
94.650807
94.65497499999999
94.80449299999999
95.20060700000001
95.267867
94.864293
95.16651400000001
95.136619
95.19642
95.159043
95.12166499999999
95.24497
95.41691899999999
95.140283
95.476724
95.46924199999999
95.734438
95.78676299999999
95.712011
95.943744
95.966167
96.051863
96.141569
96.02943500000001
96.201374
96.41515
96.376507
96.503606
96.54098500000001
96.391462
96.46622600000001
96.461178
96.154551
95.86280499999999
95.472972
95.19830399999999
93.519029
93.908749
93.384094
93.136684
93.24166099999999
92.818573
92.766052
92.79606699999999
93.238619
93.53856399999999
93.078091
92.73291
93.040575
92.928028
93.22063799999999
93.157994
93.293075
93.28557499999999
93.40563400000001
93.990745
93.807275
93.874788
93.92731000000001
93.62718700000001
93.417057
93.27827600000001
92.925335
92.98541899999999
92.737561
93.293296
93.258624
92.95817
92.94314199999999
92.815426
92.988224
93.357114
93.43974299999999
93.424727
92.95892000000001
92.95141
93.52077199999999
93.212701
93.002278
92.98724300000001
93.145071
93.5853
93.562759
93.35984999999999
93.322271
92.44266399999999
91.778032
91.890928
92.665836
92.380009
92.139253
91.991623
91.750744
91.91635100000001
92.096991
91.908828
88.978606
88.736109
89.68307900000001
90.91688000000001
91.88489199999999
92.16865900000001
92.206456
91.90407
91.639415
91.805774
91.973731
92.44999
93.34908799999999
93.44727399999999
93.583212
93.429219
93.438289
93.13462800000001
93.15729
93.006196
92.639548
92.360635
92.94938
92.737798
92.669774
92.771252
93.444417
93.321296
92.626144
92.104545
91.970783
94.961842
96.650632
97.840476
99.172077
98.011416
99.54564499999999
101.070521
100.650044
100.477313
99.729439
100.292824
100.750867
101.208753
101.148712
100.497764
101.218223
100.955601
100.407682
99.821969
99.436722
99.834723
99.29401
98.71549
98.602755
99.29444100000001
99.084194
99.32448100000001
98.588446
98.34801
104.050328
104.56014
103.757846
103.907844
103.427793
103.524748
103.712193
104.918683
104.72392
105.10741
105.478676
105.022144
104.026182
103.711506
104.161015
104.112826
104.621824
104.517048
104.591893
104.696663
104.823212
104.509098
103.678551
102.705162
101.46861
101.564032
101.421643
100.732009
100.447057
100.297044
100.538223
100.800534
100.48576
97.724373
98.13746500000001
99.0826
99.615013
99.824915
99.78743299999999
100.214644
100.296601
99.187662
100.094364
100.109348
100.026947
99.760486
100.381962
98.906397
98.554103
98.46414300000001
99.75868
99.549043
98.485336
97.68322999999999
97.87068499999999
98.457641
97.66329899999999
96.673435
96.140681
96.425856
94.995862
95.863429
95.66734599999999
95.66734599999999
96.051965
95.48201400000001
95.911811
95.51971399999999
96.062592
96.703172
96.75124099999999
96.856683
96.819034
97.285898
97.391285
96.84608
94.728577
95.12823299999999
97.199907
97.587501
97.617484
95.833364
93.9713
92.65792399999999
92.612612
92.34088300000001
92.42396100000001
93.601558
94.906212
96.156801
95.418649
94.499234
94.868576
95.531611
94.529394
95.072036
93.847087
95.10591100000001
94.80074
94.62362899999999
94.359815
94.26756
94.297708
93.800093
92.985404
91.09751799999999
91.079414
91.75181000000001
91.714043
92.846523
92.74086800000001
93.023954
92.624
92.978694
92.73721399999999
92.639098
92.38856199999999
92.19228200000001
92.667833
93.09041000000001
93.92758600000001
93.17097699999999
93.007678
92.08060999999999
92.551824
92.79495900000001
92.553989
92.15117600000001
92.569945
92.47495000000001
91.42883500000001
91.018985
90.45580099999999
90.120801
90.851585
90.471008
89.427393
89.44262500000001
88.992982
88.947248
88.64992700000001
88.586828
88.815622
89.65565700000001
89.603076
89.562687
89.852081
90.4083
90.55913
91.245986
91.306878
91.243748
91.168346
91.16073400000001
91.17595799999999
91.663279
91.912662
91.7756
91.425247
91.310986
91.478572
91.598893
92.322602
92.17028000000001
91.766535
91.827477
91.70218199999999
92.22049699999999
92.41861400000001
92.44908700000001
92.57861699999999
92.586738
92.236025
92.54098999999999
93.21166700000001
92.92209800000001
92.93271
93.359679
93.38255700000001
93.710301
93.580737
92.343874
91.84272300000001
91.495656
91.156205
90.86295800000001
90.447095
89.983468
90.354377
90.5089
90.408464
90.821234
91.62481099999999
91.74066500000001
91.817891
92.319795
92.085348
92.23988
91.81487300000001
92.170344
92.147165
92.150391
91.895183
92.03439299999999
91.987995
92.0808
91.710752
91.935216
92.182844
92.469116
92.438166
91.95595400000001
91.863022
91.793308
92.157287
92.528909
92.83296799999999
92.72454
92.778755
92.809737
92.569642
92.75464100000001
92.514402
92.43767200000001
92.794158
92.73139500000001
92.54990599999999
92.58866999999999
92.61968299999999
93.08485400000001
93.518855
93.549533
93.69682400000001
94.076588
94.04713599999999
93.937099
94.069399
94.03063299999999
93.945347
93.67395399999999
93.53435
93.516423
93.665164
93.75127500000001
93.12489100000001
93.665164
94.055255
93.922162
93.796881
93.726409
93.812544
93.68313999999999
93.471619
93.369761
93.455946
93.77713300000001
93.653673
93.49694
93.567466
93.755526
93.849541
93.914237
94.02394200000001
93.73400700000001
94.05527600000001
93.538073
93.85719
93.331991
93.00264199999999
93.606381
93.65340999999999
93.45148500000001
93.31035199999999
93.57692900000001
93.72587799999999
93.859129
93.98998400000001
93.864572
93.645078
93.817532
93.519632
93.60547099999999
93.926873
94.16198300000001
94.14631799999999
94.263858
94.01613
93.741809
94.01613
94.00045299999999
93.733964
93.576897
93.70231800000001
94.02365
94.12552100000001
93.93744700000001
94.20911
94.20128
94.632096
94.38146399999999
94.36579399999999
94.07275
94.120172
94.20710099999999
94.215
94.151782
94.159801
93.87528
93.55908599999999
93.867369
94.01754800000001
94.01964599999999
93.93432
94.100252
94.179241
94.09234499999999
93.83075599999999
93.57792499999999
93.743849
94.083547
93.909761
93.95313
94.00051000000001
93.82676600000001
93.992617
94.02421
94.31029100000001
94.168215
94.37343
94.618055
94.255038
94.760133
94.547167
94.815344
95.075563
95.77712099999999
95.97313
95.749433
95.80457
95.45792
95.387005
95.13849
95.37481099999999
95.248772
95.31179299999999
95.17787300000001
95.338357
95.204494
94.77130099999999
95.102124
95.054861
95.04266200000001
94.85368699999999
94.916678
94.916678
94.99541499999999
94.756277
94.677565
94.795637
94.543734
94.1579
76.03681899999999
76.187539
76.04624699999999
76.048153
75.89739299999999
75.765467
75.64296
75.143353
75.230645
75.353212
75.73970799999999
75.692589
75.73970799999999
75.778959
75.760115
75.44899100000001
75.052909
75.118938
74.998273
75.026573
75.196375
75.658485
76.092152
78.320869
78.37834700000001
79.12536
79.593434
78.694453
78.45358400000001
78.98996
78.884618
79.784537
78.827156
78.72823099999999
79.45603199999999
79.312426
79.52305
79.963324
80.157889
80.30140400000001
80.42578
81.066579
80.875331
80.847044
80.29222799999999
82.309414
81.688343
81.124362
81.723043
81.65613999999999
81.41719399999999
81.226007
81.159077
79.596345
80.629706
79.615493
79.586778
78.88781400000001
78.855615
77.974214
78.424573
78.041292
78.221445
78.621949
78.602788
79.474131
78.976297
78.736868
78.885295
78.789528
78.885295
78.329773
78.68419400000001
78.38193800000001
78.698018
79.157608
79.41606
79.32990700000001
79.369766
79.187911
78.737951
78.498546
78.72836700000001
80.184352
79.42514799999999
79.376464
79.483575
78.899295
78.056529
78.58271000000001
78.621672
78.69960399999999
78.855441
78.869242
79.10296200000001
79.171127
79.180859
79.20033599999999
79.50597999999999
79.875801
80.15796400000001
79.60331600000001
78.79524600000001
79.606737
79.285557
78.389674
78.10715500000001
78.39941
78.871083
79.30916000000001
79.610871
79.34808700000001
79.66925500000001
79.428817
79.24391300000001
80.080669
80.032032
79.312023
78.479418
77.271311
75.983975
77.02758799999999
77.62215999999999
78.382026
78.621105
78.42634700000001
78.95210299999999
77.569103
78.260791
77.91848899999999
79.252426
79.544343
80.07934899999999
80.244666
79.940757
79.610032
79.901858
80.076927
78.70496
78.63059
80.07653999999999
79.590199
79.29828999999999
79.269111
79.862909
79.011893
78.487148
77.912648
78.160321
78.47106599999999
79.28290200000001
79.510514
79.17402800000001
77.77763400000001
78.338234
78.100493
78.05095300000001
77.98159200000001
78.437288
78.543131
78.424261
77.89916100000001
77.57210000000001
77.661317
77.25534
77.562696
77.869978
77.919523
78.09791199999999
78.72305299999999
78.643801
77.831194
77.811378
76.720467
77.03254699999999
76.754741
76.059916
75.513723
76.407363
77.563947
77.65322500000001
77.41514599999999
78.456338
78.882491
78.956243
79.20001499999999
79.342687
79.203982
78.74812300000001
78.53511399999999
78.22772000000001
78.26738400000001
77.662284
77.434048
76.964406
77.708927
77.98676500000001
77.619613
77.470727
77.052414
77.330477
77.072281
77.419821
76.943163
73.35463900000001
73.759952
73.24315300000001
72.715997
71.874127
71.77718400000001
72.538247
72.680278
72.599125
71.84823
71.745109
72.07003899999999
71.67402800000001
71.71464400000001
71.54199199999999
71.57510000000001
72.16432399999999
72.316672
72.062748
72.296358
72.617194
72.58672
72.485152
72.485152
72.444507
72.84803599999999
72.502487
72.61428100000001
72.12633099999999
72.044999
72.175568
71.626105
71.086609
71.34112399999999
70.984784
70.516763
70.414844
70.61868699999999
71.209641
70.83268099999999
70.468001
71.089991
70.753541
71.161354
71.263277
71.123363
71.17436600000001
71.276352
70.776498
70.3377
70.15884800000001
69.566253
69.177863
68.799548
67.80728999999999
67.14979
66.739858
66.747046
66.258028
64.24673799999999
54.819197
55.477815
55.35036
55.584003
55.318497
53.940997
52.631345
53.163881
51.768173
51.416341
50.921866
51.391599
51.829165
51.146083
52.394556
53.321597
52.459295
51.848506
51.901912
52.403775
51.549398
51.431876
51.329265
51.721772
50.801813
50.095349
51.539973
51.04066
50.429983
49.969093
49.658178
48.789348
50.162048
49.609407
49.630883
49.67382
49.383939
48.750237
48.842948
49.122553
50.267316
50.154495
49.746129
49.776252
49.765495
49.141145
50.056041
49.399538
49.259356
48.126892
48.472135
50.229239
50.380045
50.596991
49.766353
49.636876
49.626089
49.449068
49.973488
49.444004
50.495209
51.744098
52.002997
38.644469
38.475367
37.917199
37.71983
38.249892
38.086908
36.41455
36.244925
37.793261
36.663267
36.588969
36.373845
37.437782
38.252121
38.365189
39.501336
38.924354
38.596148
38.358444
37.282536
37.671822
38.080062
38.884831
38.499518
39.043457
39.262666
39.489504
38.638686
38.695427
37.810038
39.310753
38.57241
38.708747
38.186017
38.731474
39.244709
38.983179
39.04003
39.403901
39.187867
39.416653
39.029599
38.76768
38.699335
38.653799
38.208879
38.927326
38.722105
38.767692
38.779104
38.264295
38.892237
38.766688
38.755263
38.835162
38.502378
38.535532
38.527532
38.215444
38.310333
24.065614
23.836959
23.499925
23.885109
23.536038
23.573576
23.260218
23.404867
23.718191
23.730235
23.742809
23.127488
22.813694
22.403214
22.499808
22.680122
23.103017
22.75264
22.015303
21.616264
21.783875
22.050168
21.795975
21.396437
21.711243
21.575889
21.478925
21.563775
21.63649
21.794036
21.754798
21.584966
21.402967
21.706268
21.718409
20.476111
19.734507
19.60073
19.941224
20.318095
20.118667
20.410716
20.982396
21.480909
21.7848
22.400203
22.375896
21.852945
22.375896
22.691971
22.381968
21.858604
22.126387
22.491496
22.418473
22.556276
22.824125
22.690207
22.665869
22.836309
-194.61052
-195.494866
-195.494866
-195.426851
-196.209539
-196.635572
-197.486106
-197.0778
-195.13987
-194.426554
-194.269526
-194.574801
-195.728521
-195.287263
-196.305734
-196.086274
-197.171946
-197.443506
-196.425482
-196.696853
-196.141595
-198.107783
-198.582787
-198.480945
-198.548824
-198.068989
-197.696314
-197.933435
-197.764078
-197.899616
-197.666819
-198.682261
-199.325783
-199.834009
-198.648417
-200.326342
-201.003823
-201.274916
-200.055432
-200.665065
-201.44275
-201.44275
-201.307287
-204.018568
-202.899507
-203.358343
-204.103866
-204.883726
-203.7311
-203.358343
-202.853745
-202.955267
-202.413871
-203.63228
-206.988332
-205.794813
-204.270623
-205.659282
-205.422078
-205.828732
-288.833917
-288.488789
-286.721364
-285.472523
-286.764427
-288.166389
-285.969635
-285.754494
-286.486251
-286.098814
-286.488983
-286.532059
-286.919456
-287.953019
-286.316864
-286.909492
-287.641316
-286.866418
-285.317971
-286.393087
-285.71126
-285.883213
-285.797262
-288.939225
-286.399306
-285.736147
-285.779112
-284.747859
-286.252032
-287.069262
-287.599839
-287.4708
-286.309392
-289.322367
-281.415928
-283.325528
-286.031175
-286.547084
-284.484483
-281.910292
-281.044016
-282.75864
-281.044016
-282.372651
-282.029667
-281.004233
-281.047051
-282.718771
-283.061921
-283.190616
-284.980067
-287.430793
-291.308702
-291.006688
-295.932609
-296.641843
-296.901815
-295.732504
-293.05101
-294.391084
-427.989025
-427.156045
-431.086966
-433.593712
-432.041455
-431.031078
-433.778296
-430.971359
-435.512849
-437.848562
-432.948933
-437.259639
-436.660163
-437.619407
-437.439513
-443.353413
-443.835531
-443.473868
-442.148821
-442.088644
-444.315132
-451.878904
-451.333087
-456.495887
-458.931507
-455.825861
-457.837038
-455.825861
-452.236685
-451.568434
-452.242274
-452.668402
-452.790187
-453.703753
-455.593317
-457.970435
-455.829925
-455.096756
-454.547108
-457.358535
-456.688435
-457.362525
-457.485141
-456.688435
-447.647409
-452.315842
-453.540658
-457.337706
-455.809142
-458.019554
-460.21547
-457.812213
-457.073527
-457.011931
-451.544474
-451.749969
-451.442715
-446.288916
-436.702269
-436.33702
-708.340527
-706.662387
-709.032087
-715.962832
-717.253189
-721.736863
-714.861034
-707.815548
-709.103268
-706.033999
-705.973741
-710.045194
-712.433133
-718.118024
-721.318134
-717.776187
-718.27693
-721.987959
-715.5740970000001
-715.2740659999999
-719.734839
-717.424134
-720.740369
-718.428408
-710.011679
-706.6675310000001
-709.469048
-711.573443
-706.067677
-708.16765
-710.246304
-714.166466
-713.9653029999999
-707.437504
-710.045481
-707.361587
-702.44881
-709.974318
-704.853281
-705.254431
-710.082117
-719.2737980000001
-719.2737980000001
-715.02523
-713.510414
-717.742075
-719.364152
-722.003638
-720.378867
-724.3419280000001
-723.05013
-724.781232
-724.883077
-722.235892
-725.1889210000001
-726.74749
-730.2230929999999
-727.769002
-730.4277959999999
-733.910765
-1574.357738
-1597.143577
-1597.143577
-1593.15132
-1591.822591
-1601.240989
-1609.271702
-1623.534922
-1622.454927
-1629.754307
-1631.16841
-1642.046876
-1635.784996
-1627.644675
-1611.994307
-1602.656463
-1605.336811
-1606.410046
-1599.177498
-1606.410046
-1598.668815
-1590.925677
-1582.149141
-1582.41478
-1590.126327
-1592.66106
-1589.195425
-1591.060935
-1587.33191
-1573.274388
-1581.649331
-1571.587552
-1565.25722
-1567.628725
-1554.22521
-1563.982918
-1551.781687
-1536.661801
-1513.41518
-1512.131253
-1519.702791
-1518.672942
-1506.356908
-1510.967045
-1494.113833
-1497.161505
-1487.516743
-1483.216181
-1493.856715
-1498.179584
-1512.536388
-1510.490461
-1501.561523
-1498.407885
-1503.344295
-1495.762477
-1494.243342
-1489.440234
-1493.737433
-1496.522467
36307.104994
35919.68596
34764.474972
34989.070507
34809.122353
33275.605495
33397.789754
36804.102578
35879.397764
34473.431432
35229.340175
34430.019173
39094.121138
39321.15286
43665.149996
41953.538854
44098.324805
55215.225194
54079.975128
53748.924271
54641.408628
51445.431234
62796.307827
61605.279466
57954.264923
55412.97142
51659.339614
68337.69951799999
73644.68573300001
69744.955477
64637.193817
63253.129923
73584.314784
74406.735805
71416.572888
89514.860437
101676.116518
253493.645388
198676.683352
203376.661126
144443.768069
180617.827954
-1334570.587287
-1949085.619986
-685029.314314
-2531326.996496
-975349.484189
-117790.896553
-124916.498963
-116131.482691
-159240.64499
-138872.885528
-80667.77045700001
-85123.34291599999
-71493.381029
-79882.22821299999
-76166.44563
-61996.759802
-62952.614588
-61684.50256
-62952.614588
-58451.110608
1552.524404
1553.978468
1551.193269
1556.812059
1557.502447
1565.749534
1568.134855
1573.121389
1575.844063
1573.617478
1586.264973
1588.96551
1588.904323
1593.475862
1590.066277
1597.972215
1596.196671
1597.177031
1598.338782
1597.177031
1607.603464
1606.933929
1606.263427
1610.152103
1608.751983
1618.134752
1618.315684
1616.019048
1616.684958
1611.760734
1616.958431
1620.13595
1623.160652
1628.271216
1622.132177
1625.938103
1631.668349
1629.393782
1627.272378
1625.816607
1631.5768
1631.091579
1631.516192
1629.99789
1629.99789
1635.510406
1636.602265
1640.40468
1642.145274
1640.16424
1643.97528
1645.778318
1647.933427
1648.232003
1645.358313
1648.864013
1644.154211
1644.63928
1644.093564
1642.817586
804.621043
803.657799
805.690067
803.443575
804.460585
810.188476
808.375324
806.291055
803.075107
801.462942
807.00633
810.803102
815.911563
816.654151
819.776941
822.700331
827.80333
826.8060379999999
824.860812
825.4395
829.8204009999999
830.030025
832.906804
833.794207
833.68984
834.979415
832.682853
833.675309
826.020811
825.868084
836.7152589999999
839.001448
834.788214
839.986798
841.074702
835.664805
837.951967
841.682011
845.65386
844.211654
838.79609
835.008019
840.038019
834.383736
829.06537
826.965174
827.279443
827.907512
826.755672
826.1268
827.590592
825.0278960000001
821.406828
823.612672
823.56024
819.63314
818.949494
819.265065
815.8403960000001
817.496413
555.250716
552.03419
548.41353
549.280495
547.743117
548.711415
546.109917
544.964727
545.715155
545.5177179999999
544.80611
545.319192
548.58897
550.082566
549.127706
546.243342
545.1715799999999
548.053447
549.153744
551.860061
550.607973
551.469531
547.6259700000001
550.33365
552.2522310000001
550.345938
547.247978
546.737342
547.9232510000001
549.366527
549.712129
555.100475
555.840166
554.516162
556.15146
558.20788
559.060834
561.42221
562.1951790000001
562.967673
563.1046260000001
559.319707
560.866233
559.977215
550.030585
544.313372
542.6255
534.580652
535.213878
532.242318
532.974509
536.179767
540.477559
542.718032
543.503004
547.846529
550.53723
553.415137
552.638165
551.977181
427.068502
425.398286
420.280798
416.396449
419.578352
421.676786
419.60203
419.174436
420.911437
424.20395
426.854603
426.065793
423.239757
423.543958
420.284404
419.708659
420.623909
420.013826
419.098151
418.578877
420.033365
419.758756
424.205285
419.484078
418.048484
419.377441
420.994245
421.207633
420.170893
421.603793
418.936928
423.235437
422.078612
423.530523
422.535377
422.604569
419.860926
420.654266
421.934564
418.877621
419.717133
417.932585
416.72084
416.84328
414.115435
411.428666
411.028467
410.720517
409.395445
408.593473
399.719398
393.850668
389.585968
389.428858
384.926351
384.977228
382.414894
385.766948
386.682258
387.470778
288.311652
288.817015
291.048601
292.79902
296.0621
294.12252
293.326846
293.989934
293.167646
292.716415
293.449933
292.439442
292.572457
289.242671
291.827385
294.175426
289.480677
288.97272
288.705274
291.029869
289.801327
289.881521
288.999447
289.420817
290.144168
292.685696
293.941047
295.115049
293.864522
292.149942
295.015172
293.971622
293.061138
294.436411
296.554769
295.133998
296.527956
295.268111
296.059352
296.113136
297.590971
300.701717
299.308302
299.959831
299.637135
301.652366
302.537967
302.162343
303.230188
302.880447
303.606737
301.884496
301.130265
303.924663
302.764323
302.305276
303.142264
303.466038
304.588907
305.994337
304.615937
305.859267
304.642967
247.121767
246.844101
246.936653
246.568672
246.781608
247.092788
246.628815
247.85793
246.814401
248.529994
248.850108
248.31606
248.850108
248.037337
249.662324
250.547182
249.942952
247.732474
248.733537
250.128878
250.144406
250.260876
249.258899
248.512691
249.28223
249.871348
250.688313
248.913556
249.754584
250.10481
250.187624
251.00619
251.310102
251.169855
251.052958
251.312118
252.038168
252.038168
252.412693
253.699309
254.326445
254.584011
254.607443
255.449944
255.05216
255.468834
256.054681
256.523175
257.763689
258.067787
259.599108
259.388505
260.137185
260.745116
263.033775
263.997314
261.893965
263.27323
262.875981
264.114062
226.781271
226.902583
226.821692
226.093585
226.073336
226.137434
226.117188
225.468816
226.420975
226.117188
227.188844
227.209093
226.763339
226.398473
225.567001
225.550769
224.270717
224.534973
223.53865
224.717873
225.478863
225.66179
92.473986
92.61004
92.71404099999999
92.734979
92.431399
92.28481499999999
92.70357799999999
92.70442
92.149388
92.59971
92.411226
92.10748100000001
91.597683
91.78635300000001
91.712981
91.964508
91.660571
92.115944
91.82244799999999
91.686154
91.885344
92.262666
92.686774
92.959211
92.885864
92.529582
92.319945
92.43098000000001
92.3471
92.556797
92.210781
92.451953
91.499039
91.98148500000001
92.33795000000001
92.14924999999999
92.275053
92.375581
92.249764
91.92461900000001
91.693828
91.65186799999999
91.43865099999999
91.176216
91.417653
91.49113699999999
91.10271400000001
91.131648
90.679952
90.764003
90.207055
89.912727
89.597289
89.22905
88.77649599999999
88.48174299999999
88.102654
88.35828600000001
88.453085
88.632148
88.27401
88.337214
87.98488
88.60669799999999
88.311628
88.32216200000001
88.796335
88.62415300000001
88.45547999999999
88.37113600000001
88.603066
88.7401
89.07037699999999
89.137846
88.76884200000001
88.990255
89.506743
89.52572499999999
89.43082099999999
89.188287
89.03009
89.31484399999999
89.303431
89.261236
89.419479
89.113505
89.102958
89.261377
89.409149
89.57799900000001
91.086223
91.254851
89.27933899999999
89.671128
89.522896
89.353464
89.072805
89.10906300000001
88.865295
88.844093
88.589691
88.960695
89.447776
89.82928699999999
89.26756
89.87168
89.797499
89.743397
89.605558
89.997812
89.976608
89.75399400000001
90.004036
89.982823
89.61161300000001
89.176614
89.43125499999999
89.044083
89.61727399999999
89.79768300000001
90.17961699999999
90.020484
89.854715
89.865324
90.088205
90.523259
90.491432
90.450945
90.079414
89.622794
90.121875
90.73749100000001
90.662646
90.56710200000001
90.77943
90.55649099999999
90.460939
90.660106
90.681349
90.893728
90.830009
90.925579
91.05827600000001
91.79078800000001
91.323718
91.79078800000001
92.60774499999999
93.212586
93.806247
93.785059
93.156386
93.827448
95.339876
95.711634
96.42296899999999
96.21067499999999
96.05141999999999
96.56387599999999
96.351574
97.17928999999999
97.051502
97.05965
97.155446
96.96383400000001
96.878665
96.83608599999999
96.544954
96.39590200000001
96.140362
96.47042999999999
96.27878800000001
95.85949600000001
95.934027
96.0937
96.306572
96.391713
96.385383
96.396016
96.183233
96.108761
96.23643199999999
96.156447
96.177708
95.805429
96.273432
95.986266
97.062366
96.602712
95.76846999999999
95.222706
95.372558
95.52185900000001
95.90691
95.971069
96.29182900000001
96.46287
96.419923
96.142054
96.142054
96.003096
95.938975
95.82415899999999
95.93103499999999
95.941716
95.66383
95.48210899999999
95.145183
95.20931899999999
95.305531
95.220017
95.220017
95.493819
95.611339
95.654079
95.258759
95.515191
95.417354
95.492133
96.271649
96.378399
96.21827
95.439263
95.34313299999999
94.402929
94.659425
94.605991
