13.711617
13.706996
13.716239
13.739345
13.725481
13.72086
13.706996
13.706996
13.706996
13.674647
13.637675
13.609946
13.600702
13.642297
13.633053
13.628432
13.62381
13.962796
13.962796
13.930503
13.92589
13.92589
13.930503
13.930503
13.972023
13.96741
14.004315
14.036607
14.013542
13.999702
14.004315
14.004315
14.036607
14.004315
13.999702
13.972023
13.976636
13.96741
13.990476
14.004315
14.004315
14.036607
14.004315
13.999702
14.004315
14.022768
14.008928
14.04122
13.999702
14.004315
14.008928
14.004315
13.999702
14.036607
14.036607
14.087349
14.105801
14.105801
14.091962
14.073511
14.04122
13.981249
13.962796
13.962796
13.972023
14.036607
14.036607
14.036607
14.004315
14.004315
14.004315
14.008928
14.004315
14.04122
14.04122
14.04122
14.115026
14.115026
21.204629
21.200082
21.168254
21.186441
21.186441
21.031839
21.045481
20.995459
21.000007
21.018197
21.036386
21.000007
20.940888
20.940888
20.949983
20.904506
20.854479
20.836286
20.840834
20.859027
20.890862
20.909053
20.972721
20.959078
20.940888
21.000007
20.972721
20.972721
21.031839
20.995459
20.940888
20.931792
20.927245
20.868122
20.863574
20.822642
20.768064
20.758967
20.695289
20.686192
20.649803
20.617962
20.627059
20.617962
21.021106
21.107366
21.116446
21.166383
21.161843
21.166383
21.216318
21.093746
21.184541
21.243555
21.229937
21.248094
21.234476
21.229937
21.193621
21.19816
21.19816
21.234476
21.366113
21.366113
21.37973
21.443273
21.475044
21.33434
21.425118
21.338879
21.302566
21.234476
21.19816
21.207239
21.234476
21.148224
21.184541
21.166383
21.130065
21.130065
21.170923
21.175462
21.19816
21.098286
21.061967
21.098286
21.098286
21.481519
21.431685
21.427154
21.49058
21.427154
21.318418
21.359195
21.363726
21.39544
21.363726
21.341072
21.363726
21.318418
21.286701
21.264046
21.150765
21.277639
21.32748
21.187016
21.20061
21.427154
21.458867
21.599302
21.631011
21.65366
21.65819
21.635541
21.567592
21.594772
21.576652
21.590242
21.631011
21.567592
21.64913
21.730663
21.703486
21.671779
21.779629
21.919761
21.91524
21.924281
21.883599
21.680172
21.580708
21.62592
21.729902
21.78415
21.865518
22.01468
22.055357
22.023719
21.974001
22.073436
21.983041
21.946881
21.987561
21.987561
21.951401
21.992081
22.00112
22.091514
22.12767
22.159306
22.168344
22.073436
22.028239
21.946881
21.974001
21.955921
22.0192
22.096034
22.159306
22.159306
22.13219
22.037279
22.091514
22.023719
22.0192
22.0192
22.222575
22.231613
22.227094
22.177383
22.055357
22.068916
21.987561
22.0192
22.0192
22.00112
21.987561
21.987561
22.032759
21.9966
21.9966
22.00112
22.091514
21.928801
22.250607
22.228057
22.268647
22.255117
22.237077
22.250607
22.173936
22.200997
22.128833
22.191976
22.191976
22.191976
22.232567
22.155895
22.110791
22.061175
22.088239
22.070197
22.070197
22.070197
22.038622
21.993515
21.925851
21.934873
21.894273
21.758931
21.831115
21.894273
21.822092
21.853672
21.835626
21.844649
21.876228
21.727349
21.740885
21.75442
21.718326
21.92134
21.934873
21.975471
21.979982
21.957428
21.925851
21.939384
22.002536
21.975471
22.002536
22.070197
22.034112
22.038622
22.02509
22.038622
22.09726
22.142364
22.124322
22.124322
22.088239
22.074707
22.020579
21.862694
21.585364
21.540341
21.441284
21.427775
21.441284
21.589866
21.495316
21.463797
21.526833
21.454792
21.477305
21.427775
21.432278
22.183981
22.335555
22.478197
22.500483
22.594082
22.638651
22.518312
22.406878
22.442538
22.545055
22.45591
22.42025
22.380132
22.38459
22.50494
22.594082
22.536141
22.464825
22.699527
22.646272
22.601891
22.495371
22.437669
22.539756
22.459863
22.459863
22.548632
22.597453
22.646272
22.761655
22.730592
22.757218
22.748342
22.797156
22.801593
22.792718
22.837093
22.868154
22.814906
22.868154
22.95246
22.974644
22.930275
22.934712
22.894778
22.908089
22.912526
22.948023
22.908089
22.939149
22.95246
22.961334
22.903652
22.903652
22.903652
22.970208
22.983518
22.85928
22.837093
22.908089
22.89034
22.868154
22.868154
22.863717
22.695089
22.837093
22.894778
22.885903
22.9214
22.970208
22.899215
22.996829
22.95246
22.916963
22.872591
22.934712
22.930275
22.885903
23.261192
23.239116
23.1773
23.256777
23.080155
23.049244
23.150807
23.172884
23.075739
22.965338
22.934425
22.912343
22.947673
23.018332
23.093402
23.062492
23.027164
22.943257
22.850512
22.854928
22.801928
22.881428
22.854928
22.863762
22.921175
22.824012
22.881428
22.938841
22.996252
23.005084
22.956506
23.040412
23.062492
23.084571
23.093402
23.150807
23.194962
23.203793
23.190546
23.150807
23.155222
23.199377
23.155222
23.186131
23.217039
23.111066
23.044828
23.044828
23.049244
23.115481
23.212624
23.2347
23.221454
23.217039
23.22587
23.221454
23.2347
23.252362
23.243531
23.256777
23.377924
23.395501
23.399896
23.360347
23.364741
23.395501
23.399896
23.382319
23.369136
23.377924
23.399896
23.386713
23.399896
23.399896
23.474595
23.465807
23.470201
23.465807
23.452625
23.465807
23.470201
23.457019
23.461413
23.465807
23.487777
23.443837
23.448231
23.426261
23.421867
23.421867
23.386713
23.391107
23.386713
23.386713
23.413078
23.351558
23.386713
23.426261
23.435049
23.417472
23.421867
23.364741
23.399896
23.329586
23.421867
23.421867
23.430655
23.395501
23.395501
23.426261
23.430655
23.421867
23.435049
23.430655
23.435049
23.435049
23.478989
23.487777
23.496565
23.505353
23.688967
23.68022
23.671473
23.636485
23.570878
23.627737
23.553383
23.540261
23.461528
23.522765
23.522765
23.553383
23.553383
23.553383
23.588374
23.592747
23.649605
23.649605
23.623364
23.623364
23.653979
23.653979
23.671473
23.653979
23.645232
23.627737
23.623364
23.627737
23.614616
23.601495
23.61899
23.592747
23.61899
23.592747
23.61899
23.575252
23.623364
23.605869
23.623364
23.605869
23.61899
23.636485
23.614616
23.610242
23.610242
23.623364
23.649605
23.649605
23.636485
23.623364
23.61899
23.623364
23.623364
23.605869
23.623364
23.653979
23.688967
23.758941
23.750194
23.758941
24.037416
24.094002
24.107061
24.102708
24.050475
24.067886
24.050475
24.024357
24.033063
24.124471
24.159292
24.207168
24.085297
24.115766
24.115766
24.102708
24.102708
24.115766
24.107061
24.133176
24.124471
24.150587
24.146234
24.159292
24.250691
24.250691
24.211521
24.150587
24.172349
24.181054
24.22893
24.198464
24.172349
24.194111
24.250691
24.281156
24.329028
24.385603
24.459581
24.433471
24.476987
24.446526
24.459581
24.411713
24.363844
24.31162
24.233282
24.246339
24.276804
24.281156
24.281156
24.420416
24.455229
24.463932
24.455229
24.472635
24.481338
24.424768
24.433471
24.450877
115.927631
115.945343
115.821349
115.945299
115.980746
116.19983
116.19983
116.23525
116.21754
116.23525
116.224697
116.100692
116.118405
116.065267
116.065267
116.109193
116.073765
115.825739
115.843457
115.683988
115.694027
115.694027
115.835811
115.853509
115.888968
115.988175
116.02359
116.02359
116.112201
115.864137
115.85773
115.85773
115.999524
115.999524
115.999524
115.993463
115.851675
115.851675
116.028907
116.011207
116.023269
116.040948
116.023269
116.005545
115.881447
115.893828
115.751998
115.751998
115.751998
115.787457
115.78263
116.048573
116.048618
115.959954
115.942225
116.078727
115.777293
115.653152
115.777293
115.88369
113.871913
113.556705
113.381567
113.364073
113.311505
113.307603
113.587864
113.552856
113.41273
113.41273
113.321733
113.251671
113.181563
112.848616
112.918701
113.336272
113.05586
112.985774
113.511485
113.861816
113.945739
113.840659
113.928223
114.225967
114.138424
113.889983
113.574617
113.609643
113.627166
113.627144
113.887634
114.18549
114.29057
114.29057
113.835089
114.094934
114.042348
113.919688
113.989781
113.884662
113.811902
113.846979
113.969641
113.969641
114.03974
113.949001
114.019068
114.211849
114.352079
114.632384
114.592461
114.76768
114.504853
114.347143
114.434762
114.586516
114.569014
114.796795
115.217205
115.269725
114.357984
114.652049
114.859547
114.824941
114.150361
114.140472
113.603926
114.00202
114.03665
114.140451
113.749514
113.801441
113.472533
113.351335
113.59372
114.463557
114.463557
114.809537
114.567355
114.100199
114.36288
114.622386
114.276345
114.812656
115.072068
115.020682
114.951508
114.847739
115.003389
114.847739
114.812784
114.864692
114.587937
114.916577
115.003025
115.553347
116.054543
116.382747
116.486429
116.330946
116.203729
115.910034
116.393744
116.221026
116.082817
116.109015
116.368119
116.368097
117.231393
117.438495
116.942834
117.132723
117.270769
117.132723
117.443333
117.392831
117.134004
116.995919
117.461843
117.599855
119.516116
119.363255
118.955532
119.074443
118.734628
118.409612
118.528598
118.307656
118.290658
118.545592
118.135051
118.169043
118.695809
118.950617
119.103498
119.012364
119.114247
119.063328
119.182142
119.046326
118.852104
118.325624
118.325581
118.359554
118.376562
118.284133
118.26715
118.436999
118.589802
118.436977
118.24214
118.496821
119.260554
118.51382
118.802392
118.724742
118.487141
118.368345
118.453194
118.368345
117.427012
117.494945
117.410049
117.427012
117.90249
117.48771
117.793279
118.047881
118.047881
117.674447
117.497927
117.684644
117.888326
117.684644
117.396091
117.779143
117.354868
116.845549
116.862529
116.743681
115.581827
116.118511
115.90049
116.671746
116.80578
116.764771
116.915583
116.580489
116.664255
116.781548
116.656241
116.471942
116.672995
116.053001
116.438431
116.397717
115.828026
115.526276
115.710674
115.76096
115.922929
115.755337
115.989951
116.140739
116.325009
116.352245
116.469468
116.335478
116.335478
116.184745
116.079127
116.196393
116.363838
116.196393
116.531261
116.542058
116.30771
116.207283
116.508604
116.508604
116.686485
116.5526
116.686485
116.5526
116.586067
116.764411
116.914952
116.898226
117.132348
117.031985
116.909318
116.675202
116.307163
116.307163
116.106401
116.103937
116.204315
116.622472
116.354847
116.304685
115.514244
115.695976
115.695976
115.910716
115.646415
115.613245
115.794894
115.6628
115.794894
115.794894
115.713484
115.845596
115.928159
115.845596
115.977694
116.078251
116.19378
116.160767
116.078251
115.830588
115.883576
115.883576
115.81754
115.81754
115.933079
115.921154
116.416242
116.663733
116.515236
116.234732
116.158075
116.27358
116.04258
115.943538
115.910549
115.820575
115.969089
115.523453
115.391356
115.176722
115.403724
115.238637
115.00745
115.139542
115.288172
115.452535
115.155318
115.138806
115.171852
115.072772
115.02697
115.076534
115.02699
115.010475
115.076534
115.314906
115.232321
115.05068
115.116722
115.314906
113.853393
113.428666
113.379672
113.412348
113.477678
113.245351
113.163639
113.016523
113.016523
113.261673
113.098058
113.196132
113.473967
113.326866
113.555652
113.214794
113.41093
113.57439
113.541704
113.705127
113.545055
113.969987
113.937305
113.659454
113.675798
113.402692
113.239168
113.566194
113.582543
113.925825
113.866077
113.718931
113.113817
113.310122
113.310122
113.495942
113.512299
113.283306
113.234226
113.250586
113.453042
113.4203
113.453042
113.207587
113.403939
113.540933
113.655448
113.459115
113.393678
113.52457
113.400439
113.564111
113.875049
113.678649
113.924135
113.961571
113.699738
113.716085
113.781553
113.814305
112.27977
112.004541
112.215011
112.344526
112.474027
112.96285
112.266788
112.234383
112.52584
112.622971
112.739161
112.884875
112.85248
112.771558
112.609641
112.353198
112.320803
112.110219
112.191198
112.255992
112.161716
112.096925
112.161697
111.837628
112.129311
112.035045
111.872966
112.035045
111.986423
111.872966
112.216802
113.383201
113.787928
114.095468
114.079285
113.771991
113.869127
114.144304
113.9339
113.966275
113.997485
114.029864
114.078409
114.062221
114.110785
113.898455
114.04418
114.04418
113.963223
114.04416
114.056474
114.072666
113.975509
113.910733
113.70019
114.083255
114.050868
114.180394
114.099449
113.953719
113.569711
113.569711
113.34565
113.377661
113.361655
113.593982
113.962016
113.657996
113.54593
113.946017
114.383908
114.543864
114.383908
114.047995
114.383908
114.14915
114.117173
114.14915
114.405099
114.293147
114.360772
114.040806
114.104806
113.992804
114.360772
114.555235
114.811115
114.907037
114.843077
114.795144
114.859581
115.610922
115.3392
114.82764
114.987497
114.267858
114.315851
114.411831
114.379838
114.635756
114.394457
113.994491
114.362464
114.234486
114.250484
114.072296
114.248322
113.880283
113.816312
114.008334
113.957586
114.005588
113.717549
113.621502
113.621502
113.87413
113.858128
113.730128
113.329943
113.281936
111.716648
112.080821
111.969984
112.096651
112.618942
112.329401
112.835752
112.867393
112.962308
112.993926
112.970903
113.397923
113.208182
113.714146
113.967032
113.704095
113.324673
113.29305
113.561806
113.735689
113.550282
112.981098
112.680591
112.380032
112.095187
112.165041
112.339084
112.813624
112.924324
112.892715
112.361001
112.819695
112.756401
112.519164
112.361001
112.319508
112.920461
112.762324
112.809781
112.635854
112.514629
112.98897
113.052201
113.068009
111.850251
111.588296
111.873108
111.99969
112.01549
111.540821
111.817508
111.421911
111.754224
111.928228
111.39026
111.052186
111.083844
111.748486
111.922501
111.795947
110.698242
110.682575
110.18172
110.400869
110.604311
110.209454
110.146837
110.319008
110.256415
110.27205
110.284588
110.39417
110.613268
110.894909
110.988775
110.859482
110.734318
110.828174
110.875127
110.343098
110.277118
110.511888
110.574462
110.605758
110.496239
110.508099
110.55508
110.508099
110.727191
110.570727
110.709294
110.615438
110.505926
110.599791
110.959594
111.067722
110.833091
110.833091
110.629708
110.473256
110.458759
110.70909
110.458741
110.427462
110.474407
110.508396
110.836946
110.930826
110.868252
110.570969
110.715471
110.605925
110.746782
111.090922
111.028355
111.016797
111.251383
111.25142
111.298302
111.17318
110.063118
109.970214
109.691536
109.614072
109.428247
109.404492
109.110158
109.110158
109.296079
109.327061
109.32055
109.537399
109.630349
109.243071
109.568395
109.547619
109.439198
109.315239
109.377247
109.175809
109.265603
109.172625
109.095156
109.157128
109.14163
109.156157
109.280164
109.435114
109.745013
109.837962
109.666595
109.604613
109.713062
109.68209
109.666595
109.712734
109.650763
109.666261
109.588771
109.573254
109.557934
109.557934
109.666437
109.697418
109.666437
109.604695
109.635701
109.837217
109.837217
110.007705
110.13092
110.208392
110.270399
110.239368
110.177414
110.34511
110.329594
110.298616
110.221103
110.2676
109.729805
109.653105
109.791176
109.683793
109.729823
109.817282
109.786612
109.694527
109.57176
109.663854
109.552925
109.552925
109.430149
109.476216
109.476216
109.458143
109.488845
109.565581
109.688395
109.765119
109.776117
109.822146
109.822146
109.806797
109.653317
109.74016
109.586657
109.586657
109.60201
109.540597
109.565558
109.596267
109.719096
109.74982
109.642311
109.712659
109.605156
109.405536
109.436252
109.374802
109.398258
109.398258
109.367521
109.306099
109.260017
109.144934
109.144934
109.037385
108.945211
108.91446
108.921359
109.059675
109.244048
109.075058
109.059675
109.204225
109.173495
109.219589
109.081301
109.004467
107.617765
107.663466
107.846252
107.922405
107.922405
108.032824
107.880521
107.956692
107.987135
107.850058
107.990805
108.08222
108.127889
108.219241
108.249713
108.191331
107.978116
107.993311
107.978116
107.719145
107.691528
107.615352
107.341079
107.295343
107.280103
107.314266
107.314266
107.299009
107.420941
107.177117
107.029731
106.968753
106.983998
107.075463
107.10595
107.035069
106.974088
107.096047
106.958842
106.92835
107.071055
107.071055
107.0863
107.147261
107.071055
107.077025
107.077025
107.244738
107.580027
107.564786
107.494401
107.540108
107.524866
107.585831
107.555366
107.424407
107.454894
107.546332
107.454894
107.058489
78.249652
78.185652
78.265649
78.149534
78.005555
78.149534
78.133551
78.005568
78.04981600000001
78.145796
78.16179200000001
78.25776399999999
78.305747
78.65315200000001
78.797016
78.924931
78.924931
78.908946
78.649057
78.776954
78.87286899999999
78.569115
78.585104
77.784021
77.84876800000001
77.897313
77.897313
77.962068
77.8921
78.16722300000001
78.458439
78.620217
78.53935
78.839378
78.839378
79.06574000000001
79.06574000000001
78.98491
79.008752
78.814744
78.8309
79.057266
78.927913
79.338314
79.144355
79.306006
79.144355
79.192857
79.069138
79.052976
79.11762400000001
78.95599799999999
78.87517800000001
78.638215
78.88065899999999
78.799845
78.799845
78.63820200000001
78.65915
78.287341
78.449032
78.43285299999999
78.416687
78.38887
78.53434799999999
78.695955
78.61514099999999
78.227251
78.40910100000001
78.39294099999999
78.893833
78.86152300000001
78.877678
78.67058
78.686735
78.76749100000001
78.88058700000001
78.735197
78.737308
78.76959600000001
78.54348299999999
78.54348299999999
78.446573
78.13146999999999
77.86967199999999
77.93512
77.967856
78.016938
77.055307
77.480873
77.349949
77.006196
76.858851
77.043571
77.223603
77.20723700000001
76.732546
76.421446
76.443877
76.345634
76.18188000000001
75.83792699999999
75.575805
75.76425
76.04268
75.731489
75.76425
75.960795
76.248413
76.428495
76.543053
76.264759
76.624906
76.422106
76.782151
76.91307
76.86398199999999
76.71669300000001
76.841302
76.530389
76.497657
76.595851
77.217569
77.096929
76.81881300000001
76.73702
76.278792
76.540649
76.99296200000001
76.960247
76.813006
76.829365
76.862084
76.579277
76.07198099999999
75.79367999999999
75.72819200000001
75.662713
75.480146
75.611153
75.41465599999999
75.07071500000001
75.10346199999999
72.421606
72.804475
73.187229
73.05410999999999
72.970904
73.303774
73.50340799999999
73.47013800000001
73.303774
73.220584
73.38756600000001
73.171273
73.30438100000001
73.420839
73.38756600000001
73.405236
73.338702
73.089116
72.922698
72.972639
73.17400499999999
73.39031900000001
73.423579
73.523409
73.373668
73.408907
73.99108200000001
74.323621
74.722582
74.70594800000001
74.241772
73.892561
74.308277
74.092122
74.175263
74.10983299999999
74.309376
74.226242
74.67508599999999
74.409116
74.30980700000001
74.492696
74.67555900000001
74.276568
74.176817
73.961676
74.028212
74.02818499999999
73.97829400000001
73.845253
73.664046
74.096478
74.296019
74.21289400000001
74.246163
73.79911
73.433109
73.749207
73.699302
73.699302
71.16764999999999
71.421747
71.337053
71.438659
70.998199
70.885062
70.885062
71.07144700000001
70.918942
70.46132799999999
70.739861
70.9263
70.688996
70.553381
70.943235
70.833609
70.545406
70.358886
70.308013
70.42670200000001
70.403718
70.318917
70.403718
70.386758
70.318917
70.43267299999999
70.449623
70.90754
71.09402900000001
70.958394
70.98763
70.80108
71.004588
70.936756
70.86892
70.864807
71.13618099999999
70.898732
70.83088100000001
70.93265599999999
70.65772
70.895273
70.895273
70.878282
70.980085
71.18016299999999
71.281949
71.16321000000001
71.027455
70.92566100000001
71.29566
71.431363
71.499234
71.3635
70.95625099999999
71.224433
71.224433
71.292329
71.309287
71.309287
70.22944200000001
70.039213
70.091093
70.160276
70.056506
70.119754
69.721908
69.739209
69.531571
69.306594
69.334957
69.456114
69.456114
69.369574
69.456101
69.500325
69.275273
68.859737
68.842406
68.73848099999999
68.59248599999999
68.696439
68.627134
68.57516200000001
68.71376100000001
68.46381
68.46381
68.08252899999999
67.874522
67.943854
68.110574
68.578546
68.66519099999999
68.578546
68.457221
68.468176
68.468176
68.468176
68.589508
68.468176
68.600649
68.565979
68.357923
68.531307
68.409937
68.403874
68.19578199999999
68.126394
68.351839
68.490574
68.70865999999999
68.760689
68.621949
68.309786
68.0843
68.45766500000001
68.787188
68.97790500000001
69.081941
69.081941
66.943488
66.71320900000001
66.51830200000001
66.41198300000001
66.695492
66.773849
66.384004
66.384004
66.596661
66.330821
66.214491
66.179036
66.338577
66.40947800000001
66.675321
67.00080199999999
66.876768
66.823594
66.752709
66.575479
66.599733
66.830145
66.90104599999999
67.025077
67.237684
67.367631
67.26132699999999
67.27905699999999
67.172746
67.155027
67.125665
66.895276
66.966148
67.01933099999999
67.10794300000001
67.114172
67.167354
67.149631
67.114172
67.078737
67.137925
67.1202
67.1202
66.97838
67.01383300000001
66.736324
66.718592
66.59446
66.683114
66.70085899999999
66.742445
66.884319
66.99070399999999
67.13254999999999
67.13254999999999
67.279178
67.279178
67.40326399999999
67.42098900000001
67.474177
65.868668
65.59662299999999
65.324506
65.46963
65.342637
65.182636
65.255217
65.32779499999999
65.472925
65.34591399999999
65.43903400000001
64.93092900000001
65.130566
65.185007
65.11241800000001
65.059867
65.168756
65.205063
65.132448
65.29578100000001
65.459808
65.623114
65.623114
65.369088
65.49610699999999
65.623214
65.76833600000001
65.89531599999999
65.877178
65.623214
65.45987100000001
65.18769
65.042503
65.06064000000001
65.042503
65.078552
64.93336600000001
65.06041500000001
65.11484900000001
65.11484900000001
64.93339
65.06044
65.18749
65.332672
65.223772
65.350567
65.33241
65.350567
65.350567
65.332397
65.241506
65.005594
65.00558100000001
65.005594
64.76961300000001
64.64333999999999
64.78856
64.64333999999999
64.443618
64.516248
43.619073
43.644742
43.413707
43.208308
43.173758
43.019695
43.096735
43.096735
43.173758
43.138619
43.087281
42.984599
43.0616
42.958915
42.949032
43.000352
43.000364
43.179997
43.154347
43.092564
43.041249
42.989931
43.041249
43.01559
42.979216
42.979227
42.92792
42.953574
42.825289
42.532655
42.686567
42.763522
42.789184
42.91743
43.290978
43.188439
43.137155
43.137167
42.983337
43.023655
43.023655
42.972378
42.562178
42.86984
42.833604
42.731081
42.731081
42.833593
42.782332
42.925522
42.74616
42.848667
42.823032
42.720523
42.172542
42.377569
42.91562
43.094917
43.248569
42.492781
42.51946
42.1459
42.492781
42.359393
41.308541
41.735617
41.70894
41.708928
41.789003
41.592388
41.272124
41.272124
41.085273
41.565691
41.769448
41.902814
41.929485
42.062846
41.902814
41.973124
42.079775
42.319697
42.266383
42.47964
42.496048
42.496048
42.496036
42.655906
42.496048
42.485748
42.139378
42.379195
42.352552
42.086094
41.863346
41.783379
41.996562
42.316253
42.396175
42.519223
42.27957
42.465968
42.252938
42.013223
41.950436
41.84389
41.817255
41.044599
41.07125
40.423613
39.756994
39.596937
39.623613
39.676974
39.697144
40.070461
40.390361
40.443659
40.816761
38.703728
39.038201
38.898841
38.062436
38.090336
38.251755
38.614154
39.561475
39.255061
39.672881
41.529238
40.221762
40.138261
40.082591
40.416576
39.714034
39.741884
39.686195
40.159392
40.326345
39.735552
39.70773
38.816717
38.566009
39.150919
39.089927
39.424012
38.672188
38.895004
39.11777
38.667948
39.113471
39.085642
39.53101
39.141311
39.276449
39.415634
39.276449
39.304283
39.721716
38.772229
38.493773
38.465936
38.187414
37.992414
37.907003
37.684116
37.21032
36.847907
36.262229
36.708241
36.513028
35.899311
35.899321
35.955115
36.23542
36.9884
37.267174
36.542236
35.705264
30.976566
30.770691
30.917734
30.94716
31.564536
31.714402
31.685019
31.949514
32.12583
31.831963
31.806049
32.041161
31.570875
30.953367
30.68864
31.251742
30.98702
30.692841
30.89877
31.075263
31.697457
32.197215
32.226617
32.57927
32.78494
32.671789
32.554241
32.848081
32.965602
33.024379
33.469169
32.734677
32.764065
32.764065
32.734677
32.298461
32.945158
32.710026
32.827602
32.945158
32.303279
32.068005
31.626743
31.685595
31.685595
31.779062
31.95559
32.220346
32.95546
32.896665
32.754362
32.136711
31.960192
32.372045
32.2838
32.406523
32.141744
32.553605
32.877125
32.847728
30.827046
30.609872
30.423685
30.578852
30.765007
30.396991
30.117634
29.962399
29.869239
29.776092
29.935838
29.935838
30.060049
29.935838
30.618852
30.87134
30.87134
31.119606
31.367824
31.212693
31.340879
31.061578
31.216757
31.589078
32.023328
31.685982
31.561868
31.810074
32.058213
32.089228
31.937467
32.061548
32.247658
32.557765
32.805798
33.304151
33.459077
33.490075
33.242156
33.025187
32.965052
32.344867
31.600276
31.538197
31.600276
31.446703
31.539817
31.570844
31.260464
31.198376
31.13722
30.950911
31.292459
31.13722
30.888815
30.858599
31.138065
31.324353
31.293308
31.789929
29.697292
29.205655
29.205655
28.812201
28.779409
29.075809
28.649521
28.747891
28.682309
28.780685
28.585621
28.585621
28.847994
28.749597
28.880788
29.079261
28.784102
28.849706
29.04647
28.751304
28.359554
28.031393
27.53902
27.571861
27.112147
27.147427
27.410147
27.114563
27.31163
27.508667
27.183083
28.397859
28.75879
28.660364
28.627554
28.17071
28.269173
28.334816
28.433286
28.466104
28.664962
28.697767
28.763394
28.271112
28.008496
27.878657
28.04284
28.04284
27.911493
28.075672
28.141977
27.583734
28.043481
28.174817
28.634346
28.830582
28.535225
28.075672
27.944338
27.812992
23.882237
23.742818
23.847383
23.986791
24.648784
25.274025
25.204397
25.274025
25.448072
25.552512
25.306468
24.749409
24.679759
25.271667
25.236866
25.547118
25.303485
25.26868
25.547108
25.512309
24.813357
24.499998
25.022236
25.544264
26.344291
26.340807
26.479875
26.271276
26.792734
27.418217
28.177046
28.350591
28.281171
28.315892
28.871117
28.829825
28.968579
29.523408
29.141968
29.662057
29.861407
30.484971
30.935108
30.900497
30.935119
30.820818
30.855431
30.855431
30.578506
30.543898
30.152055
30.117437
30.117426
30.359735
30.428969
30.38258
31.212682
31.143517
30.24418
30.105776
32.043964
32.043964
31.897752
32.117064
32.226706
32.066306
32.358556
32.066318
31.810555
32.029784
31.796423
31.869483
31.577266
31.431132
30.663662
30.10284
30.395291
29.956613
30.066293
29.737224
30.09138
29.798985
30.018279
30.420221
30.018279
30.299494
31.175796
30.664687
30.445583
30.043809
29.705461
29.230493
29.595868
29.413205
29.924618
29.477907
28.491362
27.833241
27.906382
27.211377
27.680452
28.521203
28.265395
28.375021
28.448114
28.879759
28.660571
28.733642
28.806697
27.966311
27.412418
28.216466
28.727856
28.581762
28.545236
29.597635
29.998975
29.597647
29.305713
29.889526
31.520511
31.134539
31.906343
31.906343
31.404723
30.702064
31.821116
32.476664
32.707968
32.785042
32.390205
32.120387
31.619137
32.428761
32.428761
32.84212
33.073203
33.265728
32.225711
30.181691
30.480912
30.750911
30.750923
30.596633
30.403772
30.702198
32.205002
32.243513
32.705551
31.819834
32.424162
32.501141
32.308673
32.770529
32.693567
31.52729
32.797281
32.720335
33.066497
33.643229
33.936645
35.433981
35.856008
34.973447
36.737941
38.212066
39.627227
39.321393
39.015455
38.058982
38.839895
39.718812
39.642406
39.030987
38.266357
37.822068
36.598022
36.444935
36.636276
36.559737
44.141782
44.182023
44.665054
45.389234
45.067426
44.512913
44.512913
45.518006
46.160855
45.598379
44.520882
44.601277
44.842376
44.279741
45.003085
44.688341
44.326869
44.286722
44.045703
44.045703
43.571842
43.732466
43.210365
43.330887
43.652157
43.661625
43.902365
43.982602
45.506133
46.467469
46.673809
46.673809
46.193653
45.793421
45.75337
45.761945
48.040175
47.960285
47.520913
49.197712
50.078389
50.118229
50.2377
49.361033
49.281325
48.966866
49.285593
49.365263
49.365263
49.086398
49.568161
49.846695
51.07959
50.960331
52.549542
52.071913
52.032202
51.992533
51.833758
52.071913
66.89420699999999
66.89420699999999
67.05962599999999
66.770078
66.31497
66.62943199999999
65.885161
66.13329899999999
66.216002
66.42273400000001
66.156527
66.734786
66.941215
67.601657
67.601686
66.301046
67.332363
66.507375
66.878685
66.878715
66.878715
67.456065
66.754927
66.44350799999999
65.989963
65.57751
65.660011
65.32997399999999
65.225736
65.55547300000001
65.51423200000001
65.47304699999999
65.55547300000001
65.49082799999999
65.902541
66.19056500000001
66.519778
67.095569
66.942933
67.025093
66.73751
66.696421
66.408765
66.25586
66.21480099999999
66.66640700000001
66.050551
66.091616
66.59248599999999
66.756508
66.756508
66.96147000000001
67.740056
67.94909199999999
67.499037
66.966916
67.499008
67.621803
68.034593
67.993734
68.279751
68.279751
68.320571
83.441638
83.906189
84.075048
83.94840600000001
84.28601399999999
83.72126799999999
83.72126799999999
83.63696
83.76343799999999
83.72126799999999
83.832707
84.16959
84.422156
84.801006
84.337999
84.026256
84.152421
84.152421
84.362669
84.194474
84.25997599999999
84.343929
84.847792
85.141561
85.225493
84.870133
84.870133
84.91205600000001
84.99585999999999
84.828171
84.724661
84.682748
84.431462
84.431499
84.431499
84.20592000000001
84.247798
84.45698
84.289637
84.038544
83.904374
83.86256899999999
83.94614
83.653527
83.820764
83.318625
83.569277
83.569277
83.778116
83.778116
83.740234
83.78199499999999
84.365949
84.19912100000001
83.489861
83.207157
83.41565900000001
83.70754100000001
83.874206
83.749154
99.319361
98.677539
99.019885
99.01993
99.490504
99.322553
99.36529299999999
99.322553
99.237115
99.23707
99.116911
99.330456
99.330456
99.159533
99.202288
98.957324
98.957324
98.316891
98.359596
98.359596
98.41781
97.86295800000001
181.587457
181.587457
181.138369
181.287663
181.137949
181.048052
181.287663
181.197837
181.257302
181.407001
181.407001
181.556682
181.646541
181.642816
181.582891
181.553018
181.253644
181.553018
181.250165
181.250165
181.190283
181.010558
181.010558
181.127461
181.007743
181.007743
181.007683
180.648338
180.796368
180.317001
180.317001
180.347083
180.586694
174.135561
173.822241
173.651335
173.70836
173.993068
174.019144
173.905229
174.133048
173.962133
174.076097
173.816295
173.816241
173.673825
173.759277
173.759277
173.442007
173.698331
173.584337
173.783833
173.470496
172.698185
172.812204
172.897712
172.7837
172.897712
172.667889
173.009867
173.351857
173.323312
172.867365
172.8659
173.008401
173.26486
173.635206
173.606722
174.000309
174.285021
174.114147
174.057256
174.142618
173.910354
173.796391
173.796445
173.796445
173.796391
173.566581
173.90828
174.079176
174.563096
174.563096
174.643763
174.387509
174.359155
174.814387
174.985152
174.780178
174.837029
175.150017
175.121517
174.950887
168.772126
168.12298
168.014747
167.662924
167.879343
167.963224
167.692685
167.611431
167.800848
167.800848
167.780171
167.347037
167.69897
167.590744
168.104971
167.761937
168.627859
168.384344
168.438502
168.60076
168.232015
167.798988
167.446992
168.610738
168.583686
168.567764
168.567814
168.594817
168.567814
168.86532
168.581502
168.364985
168.067281
167.959007
167.498787
167.733922
167.354675
167.598476
167.354774
166.948315
166.998575
167.269575
166.890228
166.727615
166.917328
166.808542
166.781484
166.591618
166.537493
166.212047
166.13464
165.944735
165.727666
165.700529
165.619117
165.789283
165.843563
165.979254
166.169195
166.413362
157.680953
158.094869
158.017189
158.250035
158.663625
158.411119
158.617993
152.128021
152.128103
151.948333
152.047419
152.2208
152.394156
152.641766
152.657288
152.335314
152.533478
152.533478
152.533436
152.697288
152.845813
152.796334
152.771573
152.449595
152.638439
152.737542
152.960403
152.737501
152.960403
152.975423
152.876369
152.876369
153.099187
153.173465
148.244761
148.292025
148.599194
148.10296
147.724743
147.616495
147.711075
147.758324
147.994733
148.183867
148.355724
148.426582
148.119334
148.024781
147.906579
147.724211
147.77154
147.676956
148.173443
148.031572
148.178866
148.060668
148.131588
148.297052
148.958685
148.70198
148.229312
148.016591
148.158397
148.205674
148.160802
148.113522
147.806157
147.616972
147.54602
147.665641
147.64203
147.64203
147.641992
147.641992
