-5.156496
-5.03799
-5.083924
-5.045645
-5.060957
-5.030334
-4.904329
-4.934928
-4.942577
-4.919628
-4.881381
-4.79378
-4.801424
-4.809068
-4.801424
-4.816711
-4.759684
-4.759684
-4.744409
-4.729133
-4.729133
-4.603307
-4.6262
-4.6262
-4.6262
-4.6262
-4.569145
-4.546271
-4.531021
-4.531021
-4.531021
-4.420893
-4.43613
-4.420893
-4.428511
-4.428511
-4.318871
-4.28842
-4.273195
-4.318871
-4.334096
-4.239986
-4.239986
-4.239986
-4.255201
-4.209557
-4.123441
-4.085429
-4.085429
-4.093031
-4.085429
-4.077826
-3.87796
-3.885557
-3.900752
-3.938738
-3.969128
-3.853114
-3.853114
-3.822742
-3.822742
-3.807557
-3.706807
