10.054158
10.27494
-0.332465
-0.267549
-0.195235
-0.216929
-0.173541
-0.122923
-0.0217
0.11573
0.101264
0.007233
-0.06510100000000001
0.007235
0.057883
-0.028942
0.057883
0.072354
0.159205
0.166441
0.101314
0.06513099999999999
0.043421
-0.065141
-0.101331
-0.130284
-0.10857
-0.10857
-0.180964
-0.195442
-0.224398
-0.231637
-0.202681
-0.180968
-0.173729
-0.188207
-0.231642
-0.217164
-0.304042
-0.289563
-0.275084
-0.267844
-0.260605
-0.137536
-0.101341
-0.152014
-0.152014
-0.152014
-0.130295
-0.238881
-0.238881
-0.217163
-0.152011
-0.209922
-0.2244
-0.267836
-0.260596
-0.246118
-0.354705
-0.318508
-0.318508
-0.318508
-0.28955
-0.209904
-0.202666
-0.151997
-0.202666
-0.166474
0.007236
0.101308
0.079599
0.086835
