1.21155
1.21155
1.21429
1.21371
1.21392
1.21341
1.21532
1.21601
1.21595
1.21564
1.21602
1.21595
1.21593
1.21704
1.21655
1.21765
1.21683
1.21663
1.21383
1.21395
1.21558
1.21601
1.21602
1.21523
1.21511
1.21495
1.21473
1.21514
1.2151
1.21463
1.21454
1.21487
1.21619
1.21602
1.21618
1.21622
1.21659
1.21609
1.21622
1.21407
1.21497
1.21573
1.21584
1.21551
1.21602
1.21601
1.21583
1.21675
1.21686
1.21602
1.21593
1.21625
1.21605
1.2153
1.21544
1.21547
1.21976
1.22005
1.21982
1.21915
1.21949
1.219
1.21934
1.2194
1.22059
1.21981
1.21946
1.21812
1.21765
1.21739
1.2175
1.21772
1.21987
1.22012
1.22016
1.21985
1.21957
1.21968
1.22334
1.22323
1.22391
1.2238
1.22395
1.22488
1.22585
1.22522
1.22584
1.22614
1.22646
1.22661
1.22675
1.22697
1.22706
1.22724
1.22724
1.22676
1.22688
1.22722
1.22716
1.22659
1.22646
1.22639
1.22599
1.22615
1.22685
1.22603
1.22531
1.22519
1.22469
1.22389
1.22402
1.22355
1.22366
1.22455
1.22418
1.22431
1.22405
1.22432
1.2241
1.22487
1.21668
1.21811
1.21773
1.21873
1.22144
1.22185
1.22174
1.22183
1.22235
1.22242
1.22344
1.22385
1.22506
1.22524
1.22527
1.2232
1.22431
1.22387
1.22392
1.22496
1.22175
1.22258
1.22178
1.22242
1.22342
1.22568
1.22429
1.22388
1.22105
1.22107
1.21804
1.21767
1.21785
1.21745
1.21738
1.21646
1.21614
1.21648
1.21669
1.21656
1.21644
1.21646
1.21875
1.21983
1.2188
1.2194
1.21975
1.21943
1.21873
1.21863
1.21897
1.2189
1.21897
1.22007
1.22008
1.21949
1.22029
1.22015
1.21932
1.21932
1.21957
1.21976
1.21889
1.21879
1.22449
1.22473
1.22561
1.22585
1.22559
1.22517
1.22524
1.22522
1.22588
1.22568
1.22624
1.22774
1.22845
1.22946
1.229
1.22885
1.22895
1.22889
1.22904
1.22898
1.22841
1.22849
1.22615
1.22619
1.22717
1.22842
1.22845
1.22748
1.22804
1.22934
1.2289
1.23097
1.23051
1.23022
1.22893
1.22846
1.22859
1.22888
1.22895
1.22895
1.22895
1.22895
1.22895
1.22895
1.22895
1.22895
1.22895
1.22895
1.22895
1.22895
1.22895
1.22895
1.22895
1.22895
1.22895
1.22895
1.22895
1.22895
1.22895
1.22895
1.22895
1.22895
1.22895
1.22895
1.22895
1.22895
1.22895
1.22895
1.22895
1.22895
1.22895
1.22895
1.22895
1.22895
1.22895
1.22895
1.22895
1.22895
1.22895
1.22895
1.22895
1.22895
1.22895
1.22895
1.22895
1.22895
1.22895
1.22895
1.22895
1.22895
1.22924
1.22887
1.22927
1.22948
1.22947
1.22985
1.23014
1.23001
1.22988
1.23043
1.22997
1.23068
1.2309
1.23089
1.23088
1.22931
1.22922
1.22936
1.22904
1.22968
1.22925
1.22922
1.23029
1.23014
1.23029
1.23039
1.22971
1.22882
1.22865
1.22822
1.22876
1.22811
1.22868
1.22849
1.22724
1.22401
1.22367
1.22359
1.22341
1.22329
1.22227
1.22527
1.22472
1.22438
1.22502
1.2258
1.22583
1.22551
1.22574
1.22574
1.22493
1.2259
1.22682
1.22688
1.2274
1.22861
1.23003
1.22997
1.22983
1.22993
1.22987
1.22984
1.22998
1.23059
1.22993
1.23038
1.23033
1.23093
1.23039
1.22771
1.2261
1.22564
1.22503
1.2251
1.22489
1.22521
1.22487
1.22493
1.2252
1.22507
1.22533
1.22533
1.22524
1.22628
1.22625
1.22699
1.22727
1.22765
1.2273
1.227
1.22717
1.22721
1.22732
1.22742
1.22707
1.22786
1.22803
1.22837
1.22839
1.22839
1.22848
1.22903
1.22774
1.22757
1.22727
1.22783
1.22663
1.22824
1.22965
1.23048
1.23032
1.2302
1.23046
1.23424
1.23492
1.2349
1.23402
1.23445
1.23204
1.23175
1.22838
1.23039
1.23018
1.23101
1.23173
1.23158
1.23395
1.23268
1.2331
1.23313
1.23295
1.23292
1.23395
1.23397
1.23441
1.22741
1.22569
1.22652
1.22661
1.22686
1.2273
1.22783
1.22771
1.22825
1.22645
1.22675
1.22743
1.2277
1.2271
1.22693
1.22788
1.22753
1.22744
1.22744
1.22706
1.22676
1.22768
1.22671
1.22712
1.22717
1.22695
1.22707
1.22241
1.22275
1.22299
1.22049
1.21958
1.2188
1.21917
1.21819
1.21773
1.21802
1.2179
1.21783
1.21766
1.21743
1.21765
1.21886
1.21932
1.21853
1.21982
1.21995
1.21935
1.21866
1.21646
1.21686
1.21686
1.21717
1.21636
1.21544
1.2157
1.21575
1.21534
1.21555
1.21742
1.21707
1.21713
1.2171
1.2169
1.2168
1.21649
1.21577
1.21573
1.21538
1.21558
1.21544
1.21612
1.21618
1.21618
1.21503
1.21479
1.21466
1.21499
1.21489
1.21432
1.21558
1.21612
1.21749
1.21669
1.21787
1.21724
1.21588
1.21561
1.2158
1.21566
1.21595
1.21583
1.21644
1.21516
1.21572
1.21585
1.21659
1.21655
1.21701
1.21736
1.21775
1.21927
1.22064
1.22064
1.22066
1.22077
1.22093
1.22093
1.22089
1.2209
1.22139
1.22159
1.22132
1.22104
1.2218
1.22191
1.22181
1.22201
1.22139
1.22148
1.2217
1.2216
1.22184
1.22226
1.22075
1.21924
1.21916
1.21805
1.21773
1.21704
1.21753
1.21751
1.21783
1.21743
1.21719
1.21804
1.21624
1.21609
1.21744
1.21607
1.21591
1.21573
1.21577
1.21578
1.21653
1.21584
1.21599
1.21633
1.21706
1.21717
1.21689
1.21565
1.21473
1.21473
1.2147
1.215
1.21496
1.21551
1.2155
1.21544
1.2149
1.21502
1.21589
1.21624
1.21671
1.21669
1.21617
1.21567
1.21557
1.21489
1.21283
1.21283
1.21483
1.21584
1.21544
1.21783
1.21769
1.216
1.21575
1.21598
1.21649
1.21612
1.21561
1.21574
1.21558
1.21529
1.21622
1.21572
1.21541
1.21521
1.2149
1.21543
1.21541
1.21485
1.21507
1.21426
1.21436
1.21465
1.21411
1.21303
1.21412
1.21395
1.21409
1.21441
1.21368
1.21237
1.21251
1.21327
1.21175
1.20969
1.20963
1.21
1.20999
1.20958
1.20948
1.20878
1.20839
1.20846
1.20809
1.20817
1.20778
1.20774
1.20819
1.20838
1.20844
1.20761
1.20746
1.20738
1.2071
1.2075
1.20785
1.2078
1.20814
1.20866
1.20763
1.20795
1.20751
1.20694
1.20754
1.20747
1.20645
1.20639
1.20689
1.2069
1.20726
1.20737
1.20765
1.20764
1.20805
1.20802
1.2075
1.20777
1.20798
1.20905
1.20802
1.20805
1.20802
1.20784
1.20781
1.20773
1.20853
1.20924
1.20964
1.2097
1.20975
1.20972
1.20982
1.20966
1.20963
1.20975
1.20965
1.20983
1.21187
1.2118
1.21163
1.21305
1.21341
1.21373
1.21343
1.21303
1.21333
1.21316
1.21331
1.2141
1.21446
1.21349
1.21338
1.21263
1.21259
1.21236
1.21245
1.21227
1.21296
1.21277
1.21271
1.21288
1.21285
1.21276
1.21392
1.21464
1.21448
1.21433
1.21492
1.21468
1.21451
1.2145
1.21443
1.21428
1.21436
1.21462
1.21575
1.21567
1.21568
1.21578
1.214
1.21364
1.21295
1.21248
1.21198
1.21178
1.21144
1.2113
1.21087
1.21131
1.21045
1.21175
1.21147
1.21134
1.21077
1.21097
1.21068
1.21073
1.2105
1.21075
1.21073
1.21065
1.21095
1.21186
1.21511
1.21547
1.21629
1.21729
1.21493
1.21697
1.21438
1.21434
1.21533
1.21529
1.21563
1.2161
1.21605
1.21642
1.21649
1.21696
1.21699
1.21679
1.21699
1.21683
1.21775
1.21734
1.21675
1.21758
1.21755
1.21754
1.21753
1.21764
1.21757
1.21741
1.21719
1.21677
1.21678
1.216
1.21607
1.21836
1.21895
1.21757
1.21763
1.21775
1.21873
1.21652
1.21651
1.21705
1.21845
1.21792
1.21814
1.21776
1.21706
1.21696
1.21729
1.21717
1.217
1.21715
1.21712
1.21685
1.2169
1.21705
1.2171
1.2172
1.21732
1.21683
1.21666
1.21751
1.21774
1.21767
1.21802
1.21794
1.21805
1.21829
1.21809
1.21825
1.21767
1.21585
1.21506
1.21591
1.21611
1.21622
1.21593
1.21561
1.21527
1.21514
1.21522
1.21493
1.21276
1.2132
1.21439
1.21473
1.21463
1.21443
1.21399
1.21402
1.21398
1.21414
1.21434
1.21444
1.21434
1.21441
1.21439
1.21431
1.21375
1.21459
1.21456
1.21439
1.21438
1.21395
1.21306
1.21299
1.21317
1.21309
1.21309
1.21285
1.21311
1.21411
1.21346
1.21346
1.21422
1.21451
1.21454
1.21485
1.21617
1.21641
1.21625
1.21684
1.21757
1.21747
1.2156
1.21635
1.21649
1.21641
1.21679
1.21679
1.21673
1.21673
1.2168
1.21645
1.21634
1.21631
1.21629
1.21697
1.2167
1.21595
1.21591
1.21573
1.21575
1.21575
1.21575
1.21656
1.21641
1.21595
1.21583
1.21532
1.21329
1.21298
1.213
1.21324
1.21192
1.21167
1.21136
1.21058
1.20806
1.2098
1.21114
1.2142
1.21365
1.21381
1.21415
1.2129
1.21268
1.21302
1.213
1.21372
1.21393
1.21397
1.21374
1.21337
1.21266
1.21232
1.21235
1.21242
1.21211
1.21133
1.21158
1.21088
1.21062
1.21061
1.21005
1.20987
1.21017
1.21008
1.21012
1.21065
1.21086
1.2108
1.21061
1.21129
1.21192
1.21209
1.21287
1.21371
1.21387
1.21425
1.21446
1.21485
1.21519
1.21556
1.21544
1.21517
1.21495
1.21551
1.21455
1.21435
1.21388
1.2137
1.21346
1.21344
1.21332
1.21344
1.21372
1.21391
1.21343
1.21322
1.2132
1.21282
1.21278
1.21361
1.21309
1.21293
1.21287
1.21314
1.21326
1.2129
1.21322
1.21324
1.21305
1.2129
1.21306
1.21041
1.2089
1.20818
1.20819
1.20818
1.20883
1.2086
1.20882
1.20927
1.20981
1.2087
1.20695
1.20696
1.2078
1.2069
1.2077
1.2071
1.20624
1.20615
1.20621
1.20639
1.20676
1.20681
1.20659
1.20875
1.20853
1.2085
1.20843
1.20841
1.20826
1.20818
1.20783
1.20775
1.20777
1.20794
1.20715
1.20758
1.20866
1.20869
1.20693
1.20418
1.20344
1.20385
1.20465
1.20497
1.20448
1.20334
1.20314
1.20324
1.20251
1.20245
1.20232
1.20202
1.20253
1.204
1.20435
1.20456
1.20444
1.20439
1.20438
1.20438
1.20426
1.20392
1.20459
1.20499
1.20477
1.20476
1.20477
1.20478
1.20445
1.20435
1.20422
1.20455
1.20438
1.20412
1.20402
1.20419
1.20402
1.20395
1.20313
1.20301
1.20219
1.20241
1.20178
1.20226
1.20172
1.20201
1.20231
1.20287
1.20322
1.20295
1.20242
1.20265
1.20273
1.20306
1.20245
1.20255
1.20286
1.20283
1.20279
1.20359
1.20365
1.20368
1.20359
1.20355
1.20415
1.20407
1.20425
1.20402
1.20385
1.20381
1.20383
1.20351
1.20204
1.20207
1.20199
1.20167
1.20172
1.20143
1.20134
1.20054
1.19911
1.19958
1.19967
1.19946
1.19957
1.1994
1.19976
1.19954
1.19873
1.1989
1.19841
1.19792
1.19775
1.19745
1.19649
1.19666
1.1966
1.19677
1.19659
1.1967
1.19677
1.19663
1.19685
1.19687
1.19668
1.19717
1.19693
1.1969
1.19679
1.1966
1.19571
1.19568
1.1957
1.19616
1.19634
1.19653
1.19666
1.19825
1.19876
1.19824
1.19826
1.19792
1.19776
1.19812
1.19929
1.19921
1.20236
