1.21102
1.21324
1.21316
1.21256
1.21384
1.21519
1.21476
1.21504
1.21502
1.21551
1.21568
1.21544
1.21564
1.21274
1.21228
1.21428
1.215
1.21534
1.21468
1.21466
1.2146
1.21436
1.21389
1.21463
1.2141
1.21436
1.21436
1.21551
1.21548
1.2157
1.2157
1.21567
1.21485
1.21553
1.21209
1.21296
1.21355
1.2148
1.21422
1.21466
1.21493
1.21489
1.21471
1.21487
1.21537
1.21561
1.215
1.21501
1.21499
1.21497
1.2151
1.215
1.21862
1.21873
1.21856
1.21849
1.21787
1.21864
1.21819
1.21673
1.21626
1.2171
1.21704
1.21249
1.21815
1.21808
1.21957
1.21949
1.21943
1.2192
1.21915
1.22266
1.22249
1.22278
1.22321
1.22332
1.22322
1.22411
1.22397
1.22411
1.22481
1.22449
1.22388
1.22604
1.22599
1.22646
1.2262
1.22663
1.22618
1.22581
1.22639
1.22619
1.22615
1.22592
1.22482
1.22524
1.22507
1.22493
1.22454
1.22452
1.22444
1.22278
1.2233
1.22263
1.22254
1.22255
1.22313
1.22324
1.22361
1.22359
1.22349
1.22361
1.2238
1.21294
1.21568
1.21561
1.21649
1.2161
1.21906
1.22049
1.22063
1.22155
1.22273
1.22298
1.2229
1.22353
1.22415
1.22406
1.22456
1.22277
1.22285
1.22296
1.22317
1.22388
1.22327
1.22058
1.22127
1.22039
1.22171
1.22205
1.22381
1.22329
1.22292
1.2219
1.22095
1.22007
1.21605
1.21649
1.21722
1.21665
1.21565
1.21521
1.21523
1.21605
1.21778
1.21865
1.216
1.2181
1.21844
1.21865
1.21944
1.21869
1.2188
1.21947
1.21948
1.2188
1.21875
1.21854
1.21824
1.2178
1.21832
1.22359
1.22443
1.22439
1.22505
1.22486
1.22463
1.22468
1.22541
1.22512
1.22567
1.22845
1.22846
1.22844
1.22838
1.22818
1.22815
1.22868
1.22835
1.22864
1.22761
1.22768
1.22524
1.2255
1.22565
1.22661
1.22744
1.22663
1.22747
1.22788
1.22762
1.22709
1.22805
1.22856
1.22781
1.22759
1.22819
1.22854
1.22866
1.22843
1.22803
1.2289
1.22941
1.22907
1.22932
1.22987
1.22946
1.23004
1.22988
1.23056
1.22852
1.22861
1.22868
1.22849
1.22849
1.22891
1.22859
1.2288
1.22869
1.22885
1.22776
1.22766
1.22794
1.22744
1.2276
1.22663
1.22649
1.22592
1.22788
1.22665
1.22648
1.22538
1.22246
1.22251
1.22208
1.22229
1.22212
1.22108
1.22404
1.22384
1.22394
1.22414
1.22506
1.22493
1.22498
1.22483
1.22434
1.22412
1.22454
1.2242
1.22597
1.22565
1.22654
1.22788
1.2289
1.22895
1.22905
1.2292
1.22866
1.22939
1.2286
1.22917
1.22896
1.22727
1.22651
1.22603
1.22663
1.22522
1.22498
1.22497
1.22451
1.22422
1.22436
1.22436
1.22465
1.22462
1.22437
1.22412
1.22415
1.22432
1.2249
1.22469
1.22475
1.2247
1.22565
1.22705
1.22673
1.22659
1.22662
1.22676
1.22696
1.22669
1.22666
1.22663
1.22612
1.22551
1.2261
1.22744
1.2274
1.22682
1.22753
1.22768
1.22811
1.22668
1.22656
1.22646
1.22601
1.22536
1.22554
1.22729
1.22948
1.22965
1.2333
1.23353
1.23331
1.23295
1.23298
1.22927
1.22921
1.23042
1.2275
1.22654
1.22782
1.22965
1.2297
1.22961
1.22977
1.22975
1.23246
1.23215
1.23215
1.23242
1.23208
1.23357
1.23329
1.23298
1.22637
1.2251
1.22448
1.22505
1.22643
1.22672
1.22615
1.22532
1.22532
1.22462
1.2254
1.22669
1.22612
1.22544
1.22626
1.22637
1.22653
1.22642
1.22628
1.22625
1.22605
1.22632
1.22672
1.22632
1.22107
1.22113
1.22129
1.21967
1.21862
1.21821
1.21809
1.21732
1.2171
1.21666
1.21711
1.21711
1.21706
1.21665
1.21673
1.21697
1.21733
1.21831
1.21831
1.21834
1.21765
1.21778
1.21899
1.21831
1.21778
1.2155
1.21541
1.21581
1.21551
1.21392
1.21358
1.2132
1.214
1.21497
1.21655
1.21654
1.21629
1.21638
1.21599
1.21532
1.21526
1.21477
1.21496
1.21563
1.21509
1.21402
1.21411
1.21424
1.21454
1.21385
1.21398
1.21483
1.21551
1.21502
1.215
1.21599
1.21492
1.21419
1.21404
1.2149
1.21511
1.21419
1.21368
1.21452
1.21435
1.21503
1.21546
1.21622
1.21695
1.21719
1.21855
1.21977
1.22005
1.22015
1.22021
1.22
1.2201
1.22004
1.22015
1.22039
1.22071
1.22069
1.22046
1.22143
1.22131
1.22117
1.22141
1.22137
1.22083
1.22072
1.22077
1.2211
1.22123
1.22121
1.22124
1.21939
1.21918
1.21819
1.21827
1.21828
1.21724
1.21717
1.21652
1.21605
1.21631
1.21627
1.21544
1.21534
1.21601
1.21571
1.21517
1.21544
1.21395
1.21652
1.21567
1.21539
1.21524
1.21486
1.21527
1.21533
1.21533
1.21503
1.21541
1.21533
1.21563
1.21588
1.21597
1.21624
1.21646
1.21655
1.21622
1.21354
1.21385
1.21431
1.21429
1.21448
1.21452
1.21494
1.21382
1.21358
1.21445
1.2149
1.21588
1.21565
1.2151
1.2148
1.21368
1.21158
1.21106
1.21148
1.21168
1.21136
1.21134
1.21116
1.21493
1.21516
1.21463
1.21479
1.21529
1.21546
1.21582
1.21465
1.21506
1.2151
1.21502
1.21499
1.21523
1.21483
1.21431
1.2147
1.21433
1.21385
1.21349
1.21373
1.21334
1.21175
1.21192
1.21319
1.21339
1.21358
1.21245
1.21151
1.21136
1.21212
1.21053
1.21044
1.20841
1.20812
1.20855
1.20873
1.2093
1.20897
1.2077
1.20775
1.20761
1.20774
1.20757
1.20753
1.20646
1.20719
1.20706
1.20727
1.20751
1.20699
1.20697
1.20652
1.20668
1.2067
1.20653
1.20734
1.20748
1.20745
1.20723
1.20668
1.2069
1.20673
1.20624
1.20588
1.20558
1.2058
1.20531
1.20628
1.20626
1.20688
1.20679
1.20734
1.20747
1.20707
1.20707
1.20714
1.20717
1.20733
1.20778
1.20778
1.2074
1.20722
1.20739
1.20745
1.20737
1.20811
1.20828
1.20927
1.20905
1.20921
1.20937
1.20945
1.20936
1.20906
1.20922
1.20937
1.20851
1.21095
1.21026
1.21096
1.21235
1.21269
1.21241
1.21231
1.21275
1.21344
1.21185
1.21224
1.21224
1.21153
1.21163
1.21177
1.21208
1.21185
1.21199
1.21192
1.21239
1.21232
1.21229
1.21255
1.21219
1.21246
1.21263
1.21339
1.21269
1.21402
1.2135
1.21394
1.21426
1.21419
1.21398
1.21407
1.21393
1.21402
1.21419
1.21419
1.21473
1.21524
1.21529
1.21399
1.21328
1.21178
1.21187
1.21131
1.21119
1.21041
1.20953
1.20992
1.21018
1.20956
1.20765
1.20921
1.20964
1.21009
1.21031
1.21029
1.21027
1.21016
1.20987
1.21045
1.21008
1.21022
1.21404
1.21502
1.21455
1.21361
1.21371
1.21365
1.21353
1.21485
1.21497
1.21567
1.21565
1.21622
1.21663
1.21644
1.21619
1.21604
1.21645
1.21655
1.21645
1.21696
1.21636
1.21612
1.21683
1.21697
1.21709
1.21711
1.21709
1.21714
1.21627
1.21537
1.21531
1.21513
1.2168
1.21595
1.21709
1.21661
1.21729
1.21591
1.21551
1.21539
1.21541
1.21617
1.21704
1.21723
1.21629
1.21663
1.21665
1.217
1.2165
1.21656
1.21673
1.21622
1.21639
1.21643
1.2166
1.21617
1.21599
1.21689
1.21732
1.21768
1.21747
1.21765
1.21756
1.21737
1.21715
1.21682
1.2148
1.21402
1.21399
1.21541
1.21558
1.21527
1.21495
1.21497
1.21432
1.21155
1.21183
1.21191
1.21192
1.21399
1.21411
1.21366
1.21368
1.2137
1.21358
1.21383
1.21384
1.21353
1.21347
1.21347
1.21419
1.21373
1.21329
1.21329
1.21422
1.21422
1.21412
1.21405
1.21375
1.21272
1.21268
1.21273
1.21249
1.21231
1.21239
1.21114
1.21075
1.21237
1.21265
1.21265
1.21205
1.21236
1.21361
1.21351
1.2136
1.21385
1.21404
1.21568
1.21537
1.21609
1.21595
1.21397
1.21522
1.21598
1.21604
1.21595
1.21636
1.21646
1.21577
1.21583
1.21602
1.21617
1.21604
1.21595
1.21561
1.21551
1.21544
1.21527
1.21558
1.21608
1.21584
1.21514
1.21471
1.21435
1.21191
1.21216
1.21185
1.21244
1.21131
1.21099
1.21039
1.20978
1.20582
1.20684
1.20956
1.20877
1.20902
1.21216
1.21273
1.21191
1.21183
1.21209
1.21242
1.21236
1.21317
1.21344
1.21306
1.21269
1.21236
1.21185
1.21183
1.2115
1.21175
1.21181
1.21171
1.21035
1.21041
1.21018
1.20995
1.2095
1.20972
1.20956
1.20967
1.20941
1.20977
1.21033
1.20994
1.20971
1.21015
1.21053
1.21055
1.21067
1.21192
1.21295
1.21263
1.21354
1.21262
1.21441
1.21469
1.21393
1.21365
1.21246
1.21294
1.21324
1.21323
1.21292
1.21272
1.21286
1.21283
1.2131
1.213
1.21304
1.2127
1.212
1.21212
1.21197
1.21212
1.21266
1.21253
1.21244
1.21253
1.21285
1.21287
1.2127
1.21259
1.21255
1.21276
1.21215
1.21233
1.21177
1.20913
1.20693
1.20722
1.20799
1.20717
1.20792
1.20795
1.20747
1.20747
1.20623
1.20614
1.20643
1.20645
1.20574
1.20558
1.20556
1.20581
1.20587
1.206
1.20604
1.20646
1.20622
1.20627
1.20619
1.20817
1.20814
1.20807
1.20794
1.20797
1.20747
1.20746
1.20743
1.20657
1.20638
1.20639
1.2067
1.20747
1.20638
1.20365
1.20317
1.20329
1.20338
1.20261
1.2026
1.20293
1.20348
1.202
1.20251
1.20205
1.20253
1.20168
1.20113
1.20179
1.20168
1.2017
1.20172
1.20365
1.20419
1.20418
1.20357
1.20361
1.20417
1.20426
1.20446
1.20434
1.20406
1.20391
1.2037
1.20301
1.20273
1.20311
1.20101
1.20121
1.20046
1.2008
1.20107
1.2009
1.20151
1.20038
1.20234
1.20225
1.20211
1.20236
1.20256
1.20238
1.20342
1.20297
1.20272
1.20371
1.20377
1.20374
1.20347
1.20347
1.20336
1.20334
1.20211
1.20164
1.20182
1.20128
1.20124
1.20069
1.20018
1.19995
1.20022
1.1992
1.19934
1.19829
1.19848
1.19833
1.19833
1.19894
1.19859
1.19826
1.19809
1.19755
1.19664
