83.870968
66.666667
40.0
40.0
26.666667
33.333333
73.333333
33.333333
53.333333
80.0
113.333333
106.666667
113.333333
133.333333
146.666667
100.0
54.545455
81.81818199999999
127.272727
127.272727
181.818182
218.181818
118.181818
163.636364
163.636364
145.454545
44.827586
62.068966
68.96551700000001
65.517241
68.96551700000001
65.517241
75.86206900000001
72.413793
82.75862100000001
82.75862100000001
82.75862100000001
100.0
110.344828
106.896552
100.0
103.448276
100.0
100.0
79.310345
79.310345
68.57142899999999
68.57142899999999
82.85714299999999
57.142857
51.428571
57.142857
62.857143
54.285714
42.857143
40.0
34.285714
40.0
40.0
40.0
40.0
37.142857
48.571429
54.285714
48.571429
34.285714
34.285714
51.428571
37.142857
34.285714
22.857143
22.857143
27.272727
22.727273
18.181818
-27.272727
-22.727273
99.93137400000001
99.932327
99.932327
99.939953
99.942812
99.94471799999999
99.94471799999999
99.946624
99.949484
32.0
28.0
25.333333
18.666667
21.333333
12.0
17.333333
28.0
30.666667
28.0
29.333333
26.666667
26.666667
20.0
20.0
48.148148
3.703704
18.518519
25.925926
3.703704
3.703704
-3.703704
0.0
-3.703704
40.740741
36.363636
36.363636
48.484848
36.363636
54.545455
48.484848
42.424242
60.606061
48.484848
39.393939
21.212121
9.090909
18.181818
-15.151515
-9.090909
0.0
-15.0
-5.0
-90.0
-175.0
-185.0
-230.0
-220.0
-240.0
-225.0
-300.0
-305.0
-355.0
-395.0
-395.0
-400.0
-430.0
-445.0
-395.0
-400.0
-380.0
-320.0
-315.0
-230.0
-265.0
36.036036
45.945946
43.243243
54.054054
67.56756799999999
67.56756799999999
64.86486499999999
64.86486499999999
64.86486499999999
74.77477500000001
84.615385
65.934066
79.120879
105.952381
134.52381
155.952381
222.727273
236.363636
304.545455
300.0
263.636364
213.636364
186.363636
195.454545
181.818182
83.116883
80.519481
80.519481
80.519481
45.454545
28.571429
33.766234
32.467532
11.688312
-5.194805
-25.974026
-35.064935
-40.25974
-59.74026
-41.558442
-37.662338
-28.571429
-33.766234
-50.649351
-49.350649
14.0625
4.6875
7.03125
11.71875
13.28125
10.9375
6.25
-1.5625
-3.125
-3.125
7.03125
7.8125
-6.25
-28.125
-25.0
-42.96875
-42.96875
-50.0
-44.53125
-42.96875
-47.65625
-46.875
-42.1875
-57.03125
-60.9375
-55.46875
-61.71875
-59.375
-64.84375
-67.1875
-64.0625
-56.25
-48.4375
-35.9375
-39.0625
17.647059
14.932127
2.714932
-86.71875
-97.65625
331.578947
310.526316
315.789474
310.526316
297.368421
11.956522
11.956522
394.736842
384.210526
389.473684
373.684211
378.947368
378.947368
368.421053
418.421053
455.263158
423.684211
452.631579
452.631579
486.842105
497.368421
505.263158
550.0
563.1578950000001
502.631579
505.263158
439.473684
434.210526
442.105263
418.421053
34.23913
44.021739
38.043478
44.565217
41.304348
41.304348
41.304348
34.782609
31.521739
30.434783
65.060241
59.036145
75.903614
71.084337
65.060241
86.746988
100.0
106.024096
119.277108
119.277108
183.783784
164.864865
137.837838
129.72973
129.72973
85.13513500000001
86.486486
75.675676
86.486486
86.486486
85.13513500000001
75.675676
71.621622
52.702703
44.594595
31.081081
35.135135
31.081081
56.756757
64.86486499999999
52.727273
41.818182
27.272727
43.636364
40.0
40.0
43.636364
38.181818
36.363636
18.181818
14.545455
34.545455
30.909091
49.090909
74.545455
98.18181800000001
110.909091
129.090909
127.272727
134.545455
132.727273
154.545455
161.818182
161.818182
169.090909
174.545455
180.0
212.727273
4.651163
-6.976744
-23.255814
-20.930233
-22.093023
-29.069767
-25.581395
-6.976744
-20.930233
-37.209302
-23.255814
-16.27907
-5.813953
9.302326000000001
5.813953
-10.465116
-13.953488
17.44186
24.576271
16.101695
7.627119
16.101695
28.813559
33.962264
47.169811
45.283019
18.867925
-35.849057
-56.603774
-92.45283000000001
-86.79245299999999
-73.584906
-64.150943
-75.471698
-66.037736
-66.037736
-58.490566
-22.641509
53.333333
41.904762
30.47619
17.142857
7.619048
-81.132075
-92.45283000000001
-67.924528
-77.358491
-84.90566
-380.0
-560.0
-500.0
-780.0
-360.0
46.774194
66.129032
62.903226
45.16129
70.967742
66.129032
45.16129
22.580645
32.258065
33.870968
40.740741
68.518519
20.37037
-5.555556
5.555556
-16.666667
16.666667
64.814815
44.444444
66.666667
80.0
120.0
110.0
132.857143
118.571429
112.857143
125.714286
141.428571
124.285714
162.857143
165.714286
164.285714
165.714286
182.857143
184.285714
188.571429
195.714286
181.428571
178.571429
178.571429
190.0
190.0
190.0
195.714286
207.142857
224.285714
205.714286
210.0
207.142857
207.142857
215.714286
212.857143
210.0
205.714286
201.428571
228.571429
220.0
210.0
218.571429
205.714286
212.857143
197.142857
184.285714
188.571429
191.428571
80.74534199999999
78.88198800000001
79.503106
73.29192500000001
72.670807
74.534161
78.88198800000001
76.397516
79.503106
69.565217
13.559322
16.949153
28.813559
23.728814
16.949153
16.949153
11.864407
33.898305
38.983051
30.508475
37.288136
32.20339
3.389831
-8.474576000000001
1.694915
-1.694915
-5.084746
6.779661
6.779661
33.898305
25.423729
6.779661
-8.474576000000001
0.0
5.084746
13.636364
4.545455
12.121212
18.181818
10.606061
12.121212
13.636364
-3.030303
1.515152
0.0
10.606061
22.727273
22.727273
31.818182
43.939394
54.929577
43.661972
52.112676
46.478873
32.394366
43.661972
36.619718
28.169014
22.535211
9.859154999999999
19.047619
38.095238
30.952381
57.142857
21.428571
8.108108
10.810811
32.432432
24.324324
19.047619
-4.761905
-7.142857
-9.523809999999999
52.380952
33.333333
30.952381
-35.714286
-50.0
-71.42857100000001
-73.809524
-54.761905
-33.333333
-26.190476
-14.285714
-21.428571
39.74359
42.307692
56.410256
65.384615
64.102564
67.948718
69.230769
69.230769
71.794872
69.230769
69.230769
57.692308
66.666667
76.92307700000001
65.384615
57.692308
61.538462
57.692308
56.410256
57.692308
85.245902
90.163934
83.606557
83.606557
83.606557
57.894737
68.421053
47.368421
47.368421
100.0
121.052632
110.526316
200.0
200.0
200.0
200.0
163.157895
152.631579
152.631579
142.105263
94.87179500000001
82.051282
53.846154
58.974359
66.666667
247.368421
200.0
200.0
215.789474
215.789474
42.857143
39.285714
32.142857
46.428571
28.571429
10.714286
-28.571429
-25.0
-28.571429
3.571429
10.714286
10.714286
28.571429
57.142857
39.285714
54.761905
57.142857
59.52381
54.761905
54.761905
77.419355
67.741935
77.419355
80.645161
74.19354800000001
67.741935
67.741935
67.741935
80.645161
45.16129
16.129032
19.354839
6.451613
-12.903226
-9.677419
-29.032258
-35.483871
-45.16129
-54.83871
-45.16129
-67.741935
-61.290323
-67.741935
-100.0
-90.322581
-103.225806
-100.0
-93.54838700000001
-74.19354800000001
-80.645161
20.0
34.285714
27.142857
20.0
20.0
22.857143
-1.428571
-7.142857
-11.428571
-5.714286
-11.428571
-4.285714
-5.714286
-5.714286
-10.0
