145.833333
137.5
150.0
179.166667
166.666667
154.166667
141.666667
67.34693900000001
69.387755
51.020408
28.571429
12.244898
8.163264999999999
30.612245
24.489796
22.44898
20.408163
6.122449
6.122449
-12.244898
-14.285714
-14.285714
-12.244898
-12.244898
10.204082
8.163264999999999
30.612245
56.666667
46.666667
41.666667
43.333333
43.333333
56.666667
43.333333
38.333333
26.666667
28.333333
40.540541
56.756757
70.27027
70.27027
91.891892
70.27027
67.56756799999999
70.27027
83.783784
72.972973
95.652174
47.826087
39.130435
56.521739
52.173913
47.826087
91.304348
91.304348
152.173913
178.26087
178.26087
160.869565
130.434783
91.304348
21.73913
-4.347826
0.0
4.0
40.0
42.0
40.0
25.490196
25.490196
25.490196
27.45098
25.490196
45.098039
45.098039
45.098039
86.27451000000001
86.27451000000001
169.047619
166.666667
142.857143
154.761905
154.761905
47.619048
57.142857
23.809524
26.190476
21.621622
28.378378
14.864865
-8.108108
-8.108108
-5.405405
-24.324324
-41.891892
-51.351351
-48.648649
-40.540541
-28.378378
-22.972973
2.702703
-1.351351
30.434783
45.217391
37.391304
37.391304
53.043478
44.347826
30.434783
27.826087
26.956522
11.304348
19.047619
0.0
-26.984127
-30.15873
-60.31746
-63.492063
-79.36507899999999
-95.238095
-88.88888900000001
-95.238095
-49.206349
-9.523809999999999
-6.349206
19.047619
15.873016
60.606061
71.969697
44.69697
64.393939
78.030303
75.0
78.787879
75.757576
75.0
66.666667
68.93939399999999
67.42424200000001
76.515152
105.30303
105.30303
108.333333
121.969697
128.787879
97.727273
118.939394
100.0
90.909091
75.757576
68.18181800000001
70.454545
59.411765
44.705882
50.0
47.058824
41.176471
41.176471
48.235294
48.823529
52.941176
35.294118
29.411765
35.882353
31.764706
5.442177
-5.442177
-6.802721
6.122449
-6.802721
-27.891156
-20.408163
-19.727891
-12.92517
-19.727891
-23.809524
-19.047619
-27.891156
-34.693878
-38.77551
-60.544218
-36.054422
-25.85034
-53.741497
-51.70068
-6.802721
0.0
27.891156
34.013605
38.77551
40.136054
34.693878
51.260504
55.042017
52.521008
54.621849
59.243697
71.345029
85.380117
71.84873899999999
68.067227
64.705882
54.621849
71.42857100000001
71.008403
72.268908
67.22689099999999
42.436975
29.831933
35.294118
48.739496
55.042017
84.615385
83.19327699999999
88.655462
84.87394999999999
78.57142899999999
86.549708
71.345029
64.91228099999999
71.92982499999999
72.51461999999999
74.02597400000001
81.168831
82.46753200000001
99.350649
107.142857
113.636364
114.935065
96.753247
88.311688
72.727273
61.85567
59.278351
68.556701
80.41237099999999
89.175258
90.206186
85.56701
71.134021
79.896907
69.58762900000001
68.556701
68.041237
98.969072
100.0
99.48453600000001
92.78350500000001
74.226804
75.773196
63.917526
69.072165
64.705882
62.254902
60.784314
60.784314
67.156863
61.764706
61.764706
62.254902
75.0
51.960784
57.843137
54.901961
60.294118
58.333333
55.882353
57.843137
46.568627
50.980392
40.196078
49.019608
49.019608
49.509804
55.392157
44.607843
37.745098
30.882353
34.803922
31.862745
32.352941
32.352941
26.960784
21.078431
11.27451
12.254902
6.372549
-13.235294
-2.45098
6.372549
-3.921569
0.980392
13.692946
14.937759
18.672199
0.8298759999999999
2.074689
3.73444
-0.414938
24.481328
26.141079
30.705394
31.120332
28.630705
24.896266
26.556017
34.439834
30.991736
34.297521
42.561983
38.016529
38.842975
37.190083
38.429752
45.867769
51.652893
49.173554
48.760331
45.041322
43.38843
36.77686
17.768595
15.789474
6.766917
-14.285714
-18.796992
-15.789474
18.045113
-3.007519
-9.774436
4.511278
-12.030075
11.728395
2.469136
-17.293233
53.6
91.2
124.8
73.303167
85.97285100000001
91.855204
75.565611
60.633484
59.78836
76.190476
61.375661
56.084656
49.73545
50.793651
69.312169
83.068783
74.60317499999999
63.492063
70.89947100000001
62.433862
55.026455
38.624339
29.100529
47.752809
34.269663
34.269663
48.876404
57.865169
65.73033700000001
84.831461
79.77528100000001
84.26966299999999
82.58427
90.322581
90.967742
89.032258
97.419355
103.225806
92.903226
103.225806
120.0
123.870968
115.483871
116.129032
108.387097
111.612903
112.258065
118.709677
86.86868699999999
91.919192
93.93939399999999
121.290323
110.322581
110.322581
110.322581
122.580645
125.806452
101.935484
75.0
86.5
83.5
80.5
80.5
40.57971
55.0
76.0
84.0
82.5
88.5
95.0
84.5
99.5
92.5
75.257732
60.824742
79.381443
78.350515
63.917526
82.474227
75.257732
56.701031
80.41237099999999
25.773196
16.494845
47.42268
54.639175
23.71134
-9.278351000000001
-19.587629
-25.773196
-14.43299
7.216495
29.896907
20.618557
9.278351000000001
-15.463918
-45.360825
-44.329897
-60.824742
-35.051546
-44.329897
-41.237113
-23.71134
-52.57732
-35.051546
-18.556701
-1.030928
2.061856
32.919255
47.826087
51.552795
56.521739
58.385093
68.94409899999999
77.01863400000001
78.26087
75.776398
68.94409899999999
69.565217
77.639752
69.565217
75.15528
80.74534199999999
61.490683
49.068323
49.068323
49.689441
62.111801
94.814815
84.47205
81.36646
80.74534199999999
82.60869599999999
65.060241
69.879518
75.903614
73.493976
77.108434
59.036145
65.060241
66.26506000000001
51.807229
54.216867
78.26087
79.710145
73.913043
68.115942
71.014493
79.710145
75.362319
81.15942
79.710145
113.043478
108.695652
110.144928
108.695652
102.898551
108.695652
110.144928
105.797101
107.246377
108.695652
118.84058
82.14285700000001
83.333333
75.0
73.809524
73.809524
61.904762
63.095238
61.904762
61.904762
70.238095
48.809524
61.904762
75.0
77.38095199999999
71.42857100000001
73.809524
52.380952
66.666667
40.47619
73.809524
73.809524
76.190476
64.285714
64.285714
75.0
61.538462
57.692308
65.384615
61.538462
65.384615
63.461538
90.384615
96.153846
100.0
103.846154
98.07692299999999
92.307692
88.461538
69.230769
30.769231
55.0
18.333333
8.333333
-30.0
1.666667
1.666667
18.333333
18.333333
18.333333
33.333333
51.898734
73.417722
73.417722
64.556962
64.556962
75.949367
74.683544
81.012658
74.683544
72.151899
65.822785
62.025316
65.822785
59.493671
54.43038
69.565217
59.42029
72.463768
59.42029
72.463768
52.173913
71.014493
65.21739100000001
73.913043
65.21739100000001
50.0
63.157895
42.105263
39.473684
39.473684
66.666667
71.052632
71.052632
63.157895
47.368421
44.736842
52.631579
52.631579
36.842105
52.631579
93.54838700000001
100.0
155.263158
150.0
157.894737
258.333333
329.166667
350.0
337.5
279.166667
295.833333
275.0
241.666667
254.166667
370.833333
412.5
475.0
316.666667
358.333333
358.333333
341.666667
341.666667
358.333333
350.0
383.333333
68.461538
74.615385
73.07692299999999
76.153846
533.333333
533.333333
479.166667
404.166667
429.166667
445.833333
92.307692
85.384615
79.230769
84.615385
533.333333
566.666667
633.333333
695.833333
795.833333
762.5
816.666667
775.0
795.833333
733.333333
670.833333
72.058824
59.803922
61.764706
66.17647100000001
66.666667
66.666667
87.745098
93.137255
94.607843
93.137255
89.285714
91.666667
71.42857100000001
73.809524
80.952381
58.181818
60.0
43.636364
63.636364
67.272727
94.545455
94.545455
98.18181800000001
96.363636
98.18181800000001
95.121951
73.170732
78.04877999999999
68.292683
68.292683
73.170732
68.292683
21.95122
24.390244
-4.878049
-2.439024
-2.439024
21.95122
26.829268
31.707317
54.166667
62.5
62.5
75.0
35.416667
33.333333
33.333333
56.25
54.166667
56.25
52.083333
31.25
31.25
60.416667
56.25
54.166667
60.416667
54.166667
52.083333
33.333333
23.809524
12.5
12.5
12.5
18.75
21.621622
75.675676
70.27027
54.054054
51.351351
75.757576
6.060606
-10.810811
16.216216
37.837838
27.027027
-35.135135
-72.972973
-78.378378
-94.594595
-89.189189
-32.432432
-43.243243
-70.27027
-70.27027
15.662651
7.228916
-118.918919
-189.189189
-172.972973
-89.189189
-148.648649
-164.864865
-56.756757
18.918919
78.07017500000001
70.175439
76.315789
96.49122800000001
89.47368400000001
72.807018
50.877193
54.385965
55.263158
56.140351
69.827586
88.793103
96.55172399999999
98.245614
67.54386
84.210526
80.70175399999999
73.684211
77.192982
70.175439
62.393162
64.95726500000001
73.504274
73.504274
77.777778
70.08547
76.068376
88.88888900000001
96.581197
115.384615
111.965812
122.222222
105.982906
95.726496
101.709402
84.96732
83.66013100000001
94.11764700000001
151.282051
154.700855
153.846154
172.649573
186.324786
184.615385
141.025641
138.461538
105.128205
130.769231
132.478632
139.316239
55.462185
57.142857
46.638655
42.857143
50.420168
78.991597
78.991597
89.49579799999999
81.932773
66.80672300000001
59.310345
73.103448
55.172414
82.75862100000001
96.55172399999999
94.482759
90.34482800000001
84.827586
93.103448
84.827586
81.208054
83.22147699999999
69.127517
85.90604
91.27516799999999
122.758621
148.275862
166.896552
171.724138
163.448276
212.162162
181.081081
232.432432
213.513514
200.0
78.125
88.541667
89.0625
320.27027
341.891892
291.891892
309.459459
324.324324
309.459459
343.243243
94.339623
87.169811
83.396226
96.603774
359.459459
381.081081
364.864865
322.972973
335.135135
298.648649
67.80821899999999
70.547945
64.726027
64.383562
71.232877
60.958904
61.643836
75.684932
82.53424699999999
86.64383599999999
84.931507
87.328767
85.958904
89.726027
85.616438
50.877193
14.912281
16.666667
18.421053
19.298246
17.021277
15.957447
29.787234
43.617021
30.851064
15.957447
37.234043
101.06383
38.297872
62.765957
57.142857
36.263736
26.373626
34.065934
26.373626
-44.897959
-39.795918
-46.938776
-44.897959
-8.163264999999999
-38.77551
-14.285714
6.122449
6.122449
-24.489796
22.674419
31.395349
40.116279
31.395349
18.023256
36.627907
17.44186
-5.813953
-5.232558
-11.046512
-14.534884
9.883721
0.581395
34.883721
41.860465
50.246305
55.665025
42.364532
45.812808
50.738916
46.79803
39.408867
47.783251
23.152709
38.423645
65.254237
25.423729
5.932203
17.79661
21.186441
33.898305
22.881356
38.135593
49.152542
60.169492
64.40678
72.03389799999999
63.559322
63.559322
53.389831
48.305085
55.084746
66.949153
55.084746
77.118644
80.508475
65.254237
57.627119
77.118644
77.96610200000001
91.525424
83.050847
91.525424
83.050847
84.745763
97.457627
107.627119
106.779661
122.881356
116.949153
109.322034
93.220339
69.491525
68.644068
55.084746
45.578231
51.020408
73.469388
59.183673
56.462585
46.258503
56.462585
56.462585
67.34693900000001
53.061224
16.470588
35.294118
21.176471
35.294118
35.294118
28.235294
41.176471
48.235294
41.176471
54.117647
63.529412
75.294118
71.764706
63.529412
41.176471
45.882353
45.882353
40.0
41.176471
52.941176
67.164179
98.82352899999999
121.176471
108.235294
82.352941
75.294118
85.88235299999999
63.529412
55.294118
51.764706
32.743363
44.247788
11.504425
2.654867
-12.389381
3.539823
-7.964602
-24.778761
-15.044248
-5.309735
7.079646
-13.274336
-14.159292
-12.389381
-20.353982
2.797203
-20.353982
-23.893805
-24.778761
-20.353982
-3.539823
-8.849558
-22.123894
-16.814159
-3.539823
3.448276
-53.982301
-57.522124
-55.752212
-49.557522
-69.026549
-74.33628299999999
-84.070796
-84.070796
-66.371681
-79.646018
-73.45132700000001
-53.097345
-62.831858
-46.902655
-73.45132700000001
-58.40708
-46.902655
-48.672566
-38.053097
26.923077
41.880342
40.598291
31.196581
32.051282
21.794872
15.811966
27.777778
28.205128
39.74359
81.30841100000001
69.158879
24.299065
38.317757
38.317757
51.401869
52.336449
34.579439
30.841121
31.775701
45.794393
43.925234
45.794393
28.037383
42.990654
41.758242
53.846154
35.164835
28.571429
40.659341
27.472527
42.857143
69.230769
53.846154
73.626374
75.82417599999999
51.648352
54.945055
60.43956
62.637363
65.934066
40.659341
60.43956
72.527473
83.51648400000001
126.373626
62.637363
60.43956
85.714286
94.505495
81.896552
91.37931
89.65517199999999
83.62069
72.413793
52.586207
50.0
35.344828
41.37931
45.689655
37.931034
32.758621
38.793103
15.517241
35.344828
27.586207
16.37931
27.586207
24.137931
16.37931
39.655172
121.551724
150.862069
171.551724
170.689655
154.368932
161.165049
183.495146
166.990291
168.932039
169.902913
172.815534
177.669903
175.728155
179.61165
161.165049
172.815534
172.815534
166.019417
173.786408
86.829268
87.804878
83.902439
80.97561
72.68292700000001
87.804878
86.341463
91.707317
88.292683
82.439024
84.390244
84.390244
75.121951
76.58536599999999
75.609756
84.878049
99.51219500000001
87.31707299999999
83.41463400000001
99.02439
150.746269
170.149254
150.746269
107.462687
150.746269
120.895522
116.41791
120.895522
152.238806
137.313433
72.59259299999999
52.592593
57.037037
49.62963
72.59259299999999
84.444444
100.0
106.666667
102.962963
98.518519
105.681818
176.136364
151.136364
101.136364
117.045455
48.863636
52.272727
62.5
60.227273
84.090909
33.128834
12.269939
31.288344
24.539877
25.153374
17.177914
25.153374
7.361963
3.067485
12.883436
11.042945
13.496933
-1.226994
-5.521472
-5.521472
6.748466
6.134969
-0.613497
-20.245399
-23.312883
-39.263804
-20.858896
-26.380368
-20.245399
6.748466
-7.97546
17.791411
19.631902
23.92638
26.380368
49.159664
63.865546
56.722689
74.78991600000001
84.033613
74.78991600000001
61.344538
60.504202
70.16806699999999
76.47058800000001
80.97561
58.04878
45.365854
33.170732
21.463415
24.878049
32.195122
51.219512
55.609756
54.146341
33.170732
51.707317
49.756098
40.0
33.170732
24.043716
51.36612
44.262295
46.448087
37.704918
33.333333
55.191257
57.923497
58.469945
2.73224
-8.743169
3.825137
9.836066000000001
10.928962
-10.928962
2.439024
-23.577236
-1.626016
10.569106
-26.01626
-48.780488
-46.341463
-0.813008
10.569106
1.626016
8.130081000000001
7.317073
-26.829268
-12.195122
2.439024
17.647059
14.973262
22.994652
19.786096
20.855615
47.674419
56.976744
79.069767
49.197861
52.941176
47.593583
41.71123
46.524064
48.128342
24.064171
37.614679
54.12844
60.550459
62.385321
53.211009
55.963303
58.715596
55.963303
71.55963300000001
59.633028
70.642202
63.302752
54.12844
62.385321
89.90825700000001
99.08256900000001
80.73394500000001
80.73394500000001
65.137615
52.293578
50.458716
70.642202
51.376147
48.623853
52.293578
53.636364
80.0
86.363636
81.81818199999999
60.0
49.230769
35.384615
52.307692
98.461538
90.769231
86.153846
120.0
116.923077
126.153846
107.692308
92.307692
81.538462
44.615385
35.384615
10.769231
6.024096
-24.096386
-24.096386
-6.024096
-3.614458
-4.819277
18.072289
27.710843
-12.048193
20.481928
38.738739
30.630631
20.720721
24.324324
9.90991
16.216216
9.009009000000001
2.702703
8.108108
6.306306
6.306306
16.216216
27.927928
51.351351
58.558559
46.017699
40.707965
49.557522
46.902655
46.017699
77.14285700000001
68.57142899999999
70.0
61.428571
60.0
55.714286
57.142857
68.57142899999999
74.285714
68.57142899999999
60.0
64.285714
88.57142899999999
88.57142899999999
110.0
121.428571
132.857143
140.0
137.142857
127.142857
147.142857
145.714286
141.428571
131.428571
138.571429
172.857143
161.428571
180.0
164.285714
171.428571
181.428571
177.142857
165.714286
151.428571
161.428571
147.142857
147.142857
131.428571
135.714286
135.714286
67.883212
69.34306599999999
75.18248199999999
82.481752
87.591241
68.518519
75.925926
75.925926
74.074074
48.148148
61.111111
37.037037
37.037037
38.888889
29.62963
32.075472
37.735849
56.603774
60.377358
45.283019
54.716981
37.735849
5.660377
9.433961999999999
0.0
1.886792
1.886792
-1.886792
-13.207547
-20.754717
-39.622642
-39.622642
-58.490566
-73.584906
-77.358491
-77.358491
-56.603774
-26.415094
-54.716981
-56.603774
-32.075472
-37.735849
-30.188679
-54.716981
-66.037736
25.510204
29.591837
45.918367
52.040816
52.040816
62.244898
47.959184
55.102041
59.183673
45.918367
59.183673
66.326531
70.408163
79.591837
81.632653
75.510204
56.122449
59.183673
56.122449
33.673469
34.090909
27.272727
0.0
-4.545455
-5.681818
-2.272727
-2.272727
-3.409091
7.954545
-17.045455
-30.681818
-37.5
-36.363636
-26.136364
-23.863636
-32.954545
-38.636364
-25.0
-39.772727
-42.045455
14.393939
14.393939
15.151515
19.69697
14.393939
14.393939
14.393939
25.0
47.727273
46.969697
40.909091
44.69697
43.939394
47.727273
45.454545
36.363636
38.636364
44.69697
38.636364
12.878788
30.434783
25.0
32.608696
22.826087
10.869565
22.826087
20.652174
9.782609000000001
19.117647
30.882353
32.352941
44.117647
50.0
93.150685
110.958904
123.287671
123.287671
121.917808
93.150685
108.219178
119.178082
84.931507
86.30137000000001
67.647059
73.52941199999999
77.45098
77.45098
82.352941
77.45098
99.01960800000001
122.54902
135.294118
128.431373
214.893617
214.893617
255.319149
255.319149
240.425532
246.808511
212.765957
217.021277
255.319149
234.042553
308.510638
274.468085
300.0
274.468085
280.851064
259.574468
257.446809
270.212766
240.425532
227.659574
58.278146
72.18543
66.887417
66.887417
58.940397
60.264901
40.397351
48.344371
47.682119
47.019868
46.357616
54.304636
62.913907
58.940397
37.086093
47.682119
47.019868
74.172185
72.84768200000001
73.509934
42.268041
43.298969
51.546392
59.793814
47.42268
74.60317499999999
80.952381
50.793651
50.793651
36.507937
23.809524
-6.349206
1.587302
4.761905
11.111111
-111.111111
-57.142857
-73.015873
-117.460317
-134.920635
-111.111111
-88.88888900000001
-90.47619
-150.793651
-190.47619
-187.301587
-198.412698
-220.634921
-263.492063
-298.412698
-273.015873
-236.507937
-277.777778
-273.015873
-249.206349
23.4375
29.296875
33.203125
24.609375
35.546875
29.296875
41.015625
44.921875
43.359375
38.671875
42.96875
33.203125
32.03125
35.15625
54.6875
51.171875
42.578125
39.453125
25.390625
33.59375
48.046875
46.875
42.578125
42.96875
43.75
38.372093
34.265734
18.181818
15.384615
10.48951
0.699301
7.692308
-3.496503
-22.377622
-20.27972
-18.881119
2.797203
23.776224
16.783217
11.888112
45.901639
54.644809
52.459016
45.901639
41.530055
49.180328
39.89071
45.901639
50.819672
49.180328
84.40367000000001
78.899083
61.46789
48.623853
52.293578
66.972477
82.56880700000001
85.321101
92.66055
81.651376
77.027027
139.189189
175.675676
217.567568
216.216216
166.216216
128.378378
174.324324
150.0
159.459459
65.317919
73.410405
69.94219699999999
91.32948
78.612717
74.566474
82.65895999999999
90.751445
72.254335
67.63005800000001
57.803468
60.693642
61.849711
58.959538
52.601156
43.930636
64.16185
73.988439
69.36416199999999
70.520231
13.265306
33.526012
47.976879
45.66474
45.66474
14.450867
26.011561
22.543353
27.745665
7.514451
1.156069
1.156069
10.404624
3.468208
-17.34104
-5.202312
2.890173
-6.936416
-13.294798
4.046243
18.981481
8.333333
-23.121387
-24.855491
-19.653179
-21.387283
-24.855491
-20.809249
-21.965318
-24.855491
11.489362
12.340426
26.808511
33.191489
28.93617
29.787234
23.404255
30.212766
27.659574
25.531915
24.680851
33.617021
25.957447
23.829787
26.808511
17.446809
25.106383
25.106383
24.680851
28.085106
97.590361
107.228916
95.180723
84.337349
73.493976
110.416667
135.416667
143.75
125.0
56.25
97.916667
97.916667
108.333333
112.5
112.5
97.368421
80.263158
85.52631599999999
90.789474
81.578947
86.842105
46.052632
47.368421
27.631579
5.263158
6.578947
17.105263
17.105263
9.210526
18.421053
21.052632
0.0
-43.421053
-44.736842
-53.947368
-71.052632
-61.842105
-68.421053
-72.368421
-59.210526
-85.52631599999999
-84.210526
-123.684211
-144.736842
-136.842105
-122.368421
-73.684211
-65.789474
-73.684211
-85.52631599999999
29.353234
29.353234
28.855721
34.328358
28.855721
78.16092
75.86206900000001
57.471264
72.413793
62.068966
59.770115
41.37931
35.632184
56.321839
68.96551700000001
86.206897
89.65517199999999
79.310345
51.724138
31.034483
54.285714
90.0
111.428571
122.857143
122.857143
131.428571
105.714286
85.714286
74.285714
104.285714
111.428571
70.0
70.0
91.42857100000001
65.714286
37.894737
34.736842
46.315789
53.684211
74.736842
98.947368
88.421053
85.263158
80.0
65.263158
53.623188
79.710145
85.50724599999999
100.0
124.637681
137.681159
126.086957
127.536232
114.492754
113.043478
76.76767700000001
58.585859
65.656566
68.686869
74.74747499999999
75.757576
78.787879
77.777778
75.757576
72.727273
76.76767700000001
75.757576
75.757576
65.656566
67.676768
46.464646
45.454545
35.353535
42.424242
44.444444
55.421687
67.46988
77.108434
89.156627
74.74747499999999
79.6875
79.6875
92.1875
95.3125
100.0
93.75
62.5
31.25
48.4375
35.9375
13.888889
20.833333
27.777778
44.444444
31.944444
40.277778
-11.111111
8.333333
13.888889
6.944444
1.388889
12.5
15.277778
9.722222
25.0
54.83871
66.666667
66.666667
48.387097
58.064516
68.817204
78.494624
88.172043
87.096774
67.741935
54.83871
33.333333
21.505376
23.655914
21.505376
26.666667
13.333333
23.333333
28.888889
28.888889
14.444444
25.555556
34.444444
45.555556
37.777778
49.473684
48.421053
49.473684
49.473684
50.526316
42.105263
23.157895
24.210526
23.157895
6.315789
-8.333333
14.583333
-8.333333
-39.583333
-25.0
105.102041
105.102041
91.836735
80.612245
35.294118
21.568627
27.45098
27.45098
35.294118
33.333333
27.45098
17.647059
25.490196
15.686275
15.686275
21.568627
19.607843
39.215686
35.294118
28.0
24.0
18.0
24.0
22.0
52.631579
47.368421
36.842105
42.105263
10.526316
-68.421053
-26.315789
0.0
5.263158
36.842105
142.105263
115.789474
100.0
94.736842
57.894737
85.0
85.0
80.0
27.5
67.5
51.020408
40.816327
40.816327
53.061224
46.938776
63.265306
44.897959
55.102041
53.061224
42.857143
-16.326531
6.122449
61.22449
79.591837
97.95918399999999
113.559322
115.254237
86.44067800000001
113.559322
101.694915
0.0
42.857143
38.77551
40.816327
46.938776
32.876712
12.328767
12.328767
-19.354839
19.354839
37.096774
46.774194
50.0
59.677419
48.387097
60.810811
67.56756799999999
83.783784
81.081081
94.594595
97.297297
95.94594600000001
98.64864900000001
108.108108
95.94594600000001
98.64864900000001
74.324324
89.189189
87.837838
70.27027
50.617284
46.91358
59.259259
79.01234599999999
82.716049
92.59259299999999
76.54321
88.88888900000001
75.30864200000001
60.493827
20.454545
11.363636
49.382716
2.469136
3.703704
-34.567901
-76.54321
-85.185185
-83.95061699999999
-81.481481
-79.01234599999999
-56.790123
-37.037037
-33.333333
-9.876543
45.283019
54.08805
50.314465
25.786164
26.415094
30.81761
41.509434
71.069182
61.63522
74.213836
129.559748
90.56603800000001
88.050314
86.79245299999999
96.226415
55.299539
55.760369
54.83871
64.97695899999999
68.663594
56.221198
55.299539
35.9447
29.953917
43.317972
41.474654
49.308756
33.179724
37.788018
41.935484
8.176100999999999
22.012579
41.474654
51.612903
43.317972
46.082949
48.847926
46.082949
47.004608
56.221198
11.949686
3.144654
28.110599
22.119816
17.97235
27.34375
18.75
1.5625
-12.5
-33.59375
-17.1875
-24.21875
-46.875
-47.65625
-45.3125
-35.15625
-6.25
3.125
-22.65625
-53.90625
-53.90625
-60.15625
-55.46875
-54.6875
-32.8125
-27.34375
-29.6875
-19.53125
-14.0625
-23.4375
28.888889
33.777778
24.0
12.0
6.222222
17.777778
12.444444
6.222222
11.111111
14.222222
26.222222
36.888889
37.333333
44.0
48.444444
45.0
42.272727
48.636364
50.909091
51.818182
60.909091
46.363636
46.818182
46.818182
46.363636
37.272727
50.0
45.909091
47.727273
50.0
58.156028
49.64539
36.170213
37.588652
37.588652
41.134752
46.099291
54.609929
78.014184
76.59574499999999
61.386139
32.673267
24.752475
43.564356
39.60396
58.227848
41.772152
65.822785
84.81012699999999
82.278481
81.188119
71.28712899999999
63.366337
69.30693100000001
77.227723
62.376238
49.50495
43.564356
39.60396
34.653465
46.236559
46.236559
51.612903
46.236559
77.419355
84.12698399999999
84.12698399999999
100.0
117.460317
106.349206
114.285714
95.238095
106.349206
131.746032
161.904762
136.507937
130.15873
144.444444
163.492063
165.079365
155.555556
163.492063
174.603175
196.825397
212.698413
246.031746
258.730159
260.31746
242.857143
228.571429
223.809524
182.539683
131.746032
128.571429
131.746032
45.56213
47.337278
48.52071
40.236686
38.461538
37.278107
33.136095
40.828402
37.278107
31.360947
30.769231
37.278107
41.420118
40.828402
53.254438
27.131783
11.627907
11.627907
23.668639
23.076923
48.543689
31.067961
36.893204
33.009709
37.864078
29.126214
29.126214
39.805825
36.893204
40.776699
31.168831
16.883117
19.480519
29.87013
15.584416
-6.493506
-23.376623
-50.649351
-48.051948
-72.727273
-71.42857100000001
-55.844156
-70.12987
-61.038961
-51.948052
-67.53246799999999
-3.896104
15.584416
9.090909
6.493506
34.057971
38.405797
39.855072
42.753623
43.478261
89.333333
93.333333
97.333333
70.666667
54.666667
48.0
57.333333
57.333333
50.666667
58.666667
61.333333
32.0
57.333333
62.666667
88.0
100.0
84.0
58.666667
52.0
45.333333
32.0
25.333333
30.666667
37.333333
69.333333
102.666667
98.666667
102.666667
112.0
116.0
106.060606
72.727273
68.18181800000001
103.030303
100.0
118.181818
106.060606
104.545455
119.69697
116.666667
77.272727
57.575758
87.878788
118.181818
165.151515
166.666667
174.242424
160.606061
190.909091
225.757576
271.212121
281.818182
277.272727
278.787879
312.121212
309.090909
316.666667
348.484848
328.787879
359.090909
369.69697
406.060606
433.333333
430.30303
431.818182
427.272727
428.787879
428.787879
412.121212
409.090909
386.363636
384.848485
387.878788
400.0
404.545455
90.784983
101.023891
100.341297
89.078498
86.68942
82.593857
82.593857
80.546075
83.61774699999999
84.641638
81.333333
84.666667
81.0
78.0
80.666667
78.0
78.666667
75.333333
73.666667
64.0
58.0
61.0
56.0
57.0
53.333333
57.333333
54.333333
56.666667
61.666667
56.666667
60.333333
70.666667
65.0
62.0
57.0
7.284768
-3.97351
4.635762
0.0
11.92053
6.153846
-50.769231
-86.153846
-83.07692299999999
-121.538462
-96.92307700000001
-47.692308
-64.615385
-55.384615
-52.307692
41.666667
36.805556
38.194444
39.583333
19.444444
5.555556
25.0
38.194444
34.722222
34.027778
61.111111
70.13888900000001
60.416667
52.777778
68.055556
83.82352899999999
75.0
94.11764700000001
94.11764700000001
81.61764700000001
63.970588
92.647059
108.823529
113.970588
116.176471
107.352941
100.0
86.764706
108.088235
108.088235
90.960452
95.480226
129.411765
102.205882
51.470588
58.823529
66.17647100000001
65.441176
62.5
56.617647
19.642857
65.17857100000001
66.964286
81.25
54.464286
73.214286
75.0
69.64285700000001
83.035714
81.25
45.535714
83.92857100000001
82.14285700000001
92.85714299999999
110.714286
119.642857
166.964286
179.464286
152.678571
207.142857
252.678571
297.321429
286.607143
278.571429
248.214286
272.321429
300.0
298.214286
279.464286
254.464286
241.964286
204.464286
199.107143
206.25
203.571429
73.04347799999999
73.913043
78.26087
84.927536
82.028986
36.290323
36.290323
63.709677
80.645161
65.322581
37.903226
39.516129
46.774194
31.451613
50.806452
44.067797
35.59322
33.898305
27.118644
27.118644
15.254237
19.491525
4.237288
7.627119
16.949153
17.79661
24.576271
27.118644
70.338983
96.610169
103.389831
103.389831
89.83050799999999
78.813559
77.118644
77.96610200000001
142.372881
140.677966
127.966102
175.423729
200.847458
201.694915
206.779661
181.355932
178.813559
171.186441
179.661017
182.20339
182.20339
174.576271
90.650407
196.610169
231.355932
227.966102
272.881356
261.016949
260.169492
257.627119
253.389831
261.016949
263.559322
262.711864
268.644068
260.169492
247.457627
93.538462
86.461538
88.615385
89.230769
91.692308
89.538462
95.07692299999999
97.538462
104.0
103.692308
42.553191
110.638298
55.319149
82.978723
70.212766
82.978723
119.148936
72.34042599999999
32.911392
13.924051
-1.265823
1.265823
-12.658228
-13.924051
0.0
-1.265823
-3.797468
0.0
13.186813
26.373626
38.461538
48.351648
69.230769
67.032967
69.230769
59.340659
58.241758
47.252747
60.294118
58.823529
79.411765
51.470588
52.941176
80.88235299999999
86.764706
86.764706
95.588235
133.823529
147.058824
125.0
100.0
126.470588
130.882353
154.411765
152.941176
166.176471
166.176471
169.117647
154.411765
173.529412
180.882353
175.0
192.647059
170.588235
170.588235
166.176471
172.058824
170.588235
91.044776
99.253731
207.352941
225.0
202.941176
194.117647
200.0
200.0
208.823529
201.470588
92.810458
94.771242
236.764706
251.470588
254.411765
241.176471
241.176471
244.117647
248.529412
239.705882
239.705882
238.235294
227.941176
226.470588
226.470588
86.285714
86.85714299999999
90.285714
87.42857100000001
82.85714299999999
81.714286
81.14285700000001
83.42857100000001
77.714286
80.57142899999999
73.14285700000001
77.714286
77.714286
81.14285700000001
81.14285700000001
33.333333
35.416667
75.0
64.583333
18.75
4.166667
18.75
35.416667
50.0
41.666667
66.666667
11.111111
38.888889
36.111111
77.777778
72.222222
75.0
72.222222
61.111111
66.666667
58.333333
77.777778
77.777778
66.666667
69.444444
48.717949
48.717949
-2.564103
0.0
0.0
12.820513
-33.333333
72.222222
68.88888900000001
46.666667
54.444444
46.666667
43.333333
55.555556
50.0
64.86486499999999
74.324324
74.324324
82.43243200000001
87.837838
79.069767
74.418605
69.767442
37.209302
69.767442
39.534884
39.534884
32.55814
13.953488
16.27907
33.333333
16.666667
16.666667
19.444444
-27.777778
-8.333333
-63.888889
-63.888889
-66.666667
-33.333333
-25.0
-63.888889
-86.11111099999999
-80.555556
-41.666667
28.571429
20.0
35.714286
25.714286
32.857143
14.285714
15.714286
5.714286
11.428571
11.428571
-10.0
8.571429
1.428571
12.857143
-8.571429
-58.571429
-51.428571
-45.714286
-52.857143
-45.714286
-60.0
-38.571429
-15.714286
-17.142857
-47.142857
-47.142857
-38.571429
-21.428571
4.285714
2.857143
57.264957
68.376068
62.393162
59.82906
63.247863
53.846154
49.57265
48.717949
48.717949
49.57265
54.022989
73.56321800000001
81.609195
79.487179
79.487179
82.90598300000001
73.504274
70.94017100000001
90.598291
97.435897
80.555556
86.11111099999999
105.555556
104.166667
93.055556
91.666667
45.833333
40.277778
15.277778
31.944444
30.952381
14.285714
10.714286
22.619048
22.619048
21.428571
-4.761905
16.666667
9.523809999999999
38.095238
19.047619
69.047619
54.761905
58.333333
67.85714299999999
53.535354
32.323232
15.151515
72.727273
70.707071
69.69696999999999
68.686869
70.707071
68.686869
83.838384
69.69696999999999
59.59596
44.444444
39.393939
16.161616
27.956989
9.677419
21.505376
7.526882
-11.827957
-10.752688
2.150538
-17.204301
-25.806452
-16.129032
-22.580645
-24.731183
-33.333333
-37.634409
-53.763441
-59.139785
-69.892473
-80.645161
-82.795699
-87.096774
-78.494624
-76.344086
-69.892473
-59.139785
-47.311828
20.111732
31.284916
29.608939
35.75419
48.603352
40.223464
45.251397
105.357143
101.785714
40.336134
43.697479
52.941176
59.663866
71.42857100000001
71.42857100000001
57.142857
65.546218
65.546218
66.386555
57.142857
67.53246799999999
63.636364
62.337662
40.25974
53.246753
58.441558
74.02597400000001
59.74026
74.02597400000001
74.02597400000001
67.53246799999999
67.53246799999999
83.116883
88.311688
128.571429
132.467532
154.545455
118.181818
90.909091
81.81818199999999
88.311688
92.207792
110.38961
122.077922
86.666667
90.0
75.833333
71.666667
66.666667
57.5
59.166667
55.0
77.5
71.666667
77.5
72.5
75.833333
84.166667
114.166667
102.5
80.0
70.0
76.666667
79.166667
57.861635
56.603774
45.283019
38.993711
36.477987
40.880503
39.622642
39.622642
40.251572
40.251572
