55.263158
57.894737
36.842105
52.631579
47.368421
60.526316
65.789474
52.631579
50.0
57.894737
73.684211
63.157895
60.526316
57.894737
60.526316
52.631579
58.62069
55.172414
65.517241
79.310345
79.310345
82.75862100000001
72.413793
72.413793
72.413793
68.96551700000001
21.428571
50.0
64.285714
71.42857100000001
71.42857100000001
64.285714
50.0
64.285714
57.142857
57.142857
64.285714
100.0
121.428571
64.285714
50.0
50.0
50.0
57.142857
28.571429
85.714286
58.823529
121.428571
121.428571
114.285714
121.428571
128.571429
176.923077
169.230769
138.461538
92.307692
53.846154
76.92307700000001
69.230769
115.384615
115.384615
130.769231
65.21739100000001
65.21739100000001
30.434783
13.043478
13.043478
39.130435
4.347826
4.347826
-13.043478
-8.695652000000001
13.333333
13.333333
6.666667
-43.478261
-52.173913
-42.307692
-57.692308
-34.615385
-34.615385
-26.923077
7.692308
11.538462
23.076923
30.769231
60.97561
56.097561
78.04877999999999
80.48780499999999
78.04877999999999
70.731707
82.926829
100.0
107.317073
97.560976
97.560976
92.68292700000001
75.609756
56.097561
58.536585
34.042553
29.787234
27.659574
21.276596
0.0
12.765957
14.893617
17.021277
17.021277
25.531915
29.787234
29.787234
65.957447
61.702128
78.723404
72.34042599999999
82.978723
93.61702099999999
82.978723
91.489362
59.574468
65.957447
46.808511
17.021277
19.148936
18.75
14.583333
29.166667
10.416667
-4.166667
-6.25
0.0
-6.25
-18.75
-16.666667
-18.75
-10.416667
0.0
-50.0
-52.083333
-50.0
-41.666667
-54.166667
-14.583333
-39.583333
-31.25
-8.333333
-12.5
-2.083333
-6.25
32.967033
45.054945
40.659341
38.461538
40.659341
70.833333
58.333333
60.416667
50.0
64.583333
62.5
54.166667
47.916667
144.067797
167.79661
201.694915
179.661017
194.915254
228.813559
222.033898
222.033898
200.0
194.915254
198.305085
169.491525
77.39726
76.02739699999999
66.438356
67.123288
63.69863
58.219178
43.835616
42.465753
29.452055
20.547945
2.054795
-21.232877
-19.863014
-21.917808
-15.753425
-13.69863
-8.219177999999999
-10.273973
-13.69863
-10.273973
14.814815
5.291005
-28.767123
-36.30137
-40.410959
-50.0
-48.630137
-48.630137
-48.630137
-40.410959
-35.616438
-26.712329
-37.671233
-47.945205
-44.520548
10.878661
7.112971
7.949791
10.460251
5.857741
-60.273973
-58.90411
-63.69863
-63.013699
-61.643836
-58.219178
-65.068493
-69.178082
-75.342466
-70.547945
-67.80821899999999
-63.013699
-56.849315
-46.575342
-58.90411
10.984848
10.606061
9.090909
1.136364
-1.515152
-27.777778
-11.111111
-33.333333
-33.333333
-29.62963
-50.0
-24.074074
-101.851852
-77.777778
-81.481481
-66.666667
-74.074074
-57.407407
-77.777778
-109.259259
-114.814815
-101.851852
-125.925926
-135.185185
-135.185185
-129.62963
-131.481481
-144.444444
-140.740741
-192.592593
-185.185185
-129.62963
-131.481481
-135.185185
-162.962963
-188.888889
-148.148148
16.167665
16.167665
13.173653
11.976048
11.377246
5.988024
8.982036000000001
-1.197605
4.790419
14.371257
17.964072
15.568862
22.155689
22.754491
22.754491
28.409091
28.977273
36.931818
33.522727
28.977273
33.522727
29.545455
24.431818
26.136364
24.431818
75.384615
76.92307700000001
64.615385
73.846154
64.615385
56.923077
30.769231
18.461538
-9.230769
4.615385
3.076923
6.153846
6.153846
18.461538
43.076923
62.162162
51.351351
36.486486
45.945946
27.027027
32.432432
32.432432
43.243243
24.324324
20.27027
41.666667
54.166667
56.25
79.166667
78.378378
78.378378
70.27027
87.837838
81.081081
82.43243200000001
85.13513500000001
97.297297
97.297297
90.540541
93.24324300000001
81.081081
100.0
101.351351
54.83871
17.741935
19.354839
30.136986
28.767123
32.876712
54.794521
63.013699
39.473684
14.473684
39.473684
56.578947
60.526316
82.89473700000001
81.578947
78.947368
92.10526299999999
111.842105
126.470588
100.0
82.352941
114.705882
117.647059
78.57142899999999
96.938776
170.588235
147.058824
101.470588
76.47058800000001
55.882353
58.823529
67.647059
55.882353
32.258065
33.064516
36.290323
38.709677
40.322581
55.645161
50.0
35.483871
21.774194
20.967742
14.516129
10.483871
20.967742
22.580645
21.774194
46.376812
46.376812
55.072464
44.927536
69.565217
67.692308
63.076923
44.615385
29.230769
69.230769
89.230769
64.615385
50.769231
43.076923
41.538462
30.769231
55.384615
27.692308
7.692308
9.230769
7.692308
-40.0
-1.538462
-44.615385
-21.538462
1.538462
13.846154
1.538462
-3.076923
-21.538462
15.789474
13.684211
5.263158
10.526316
54.736842
47.368421
33.684211
31.578947
43.157895
46.315789
56.842105
71.578947
62.105263
57.894737
56.842105
49.473684
49.473684
48.421053
50.526316
57.894737
78.205128
70.512821
74.358974
69.230769
58.974359
70.512821
75.641026
60.25641
51.282051
52.564103
67.948718
61.538462
64.102564
70.512821
69.230769
78.125
37.5
21.875
28.125
25.0
9.375
-53.125
-53.125
-62.5
-75.0
-59.375
-46.875
-46.875
-53.125
-68.75
5.084746
3.389831
8.474576000000001
5.084746
-71.875
-100.0
-134.375
-143.75
-140.625
-165.625
-134.375
-150.0
-150.0
-146.875
-137.5
-168.75
-181.25
-162.5
-165.625
-159.375
-162.5
-143.75
-159.375
-140.625
-140.625
2.197802
3.296703
-184.375
-143.75
-159.375
-153.125
-165.625
-200.0
-250.0
-253.125
-234.375
-225.0
-225.0
-221.875
-231.25
10.434783
10.434783
17.391304
13.043478
13.913043
22.608696
18.26087
13.043478
13.043478
9.565217000000001
6.956522
11.304348
10.434783
17.391304
5.217391
7.692308
23.076923
57.692308
53.846154
57.692308
60.0
68.0
56.0
84.0
80.0
68.0
32.0
48.0
20.0
24.0
20.0
16.0
36.0
-56.0
-40.0
-36.0
-28.0
-12.0
24.0
36.0
79.487179
76.92307700000001
89.74359
94.87179500000001
76.92307700000001
76.92307700000001
71.794872
71.794872
71.794872
66.666667
52.5
57.5
50.0
50.0
45.0
50.0
55.0
50.0
50.0
55.0
47.5
50.0
40.0
42.5
47.5
70.0
70.0
82.5
72.5
67.5
69.230769
61.538462
69.230769
73.07692299999999
84.615385
88.461538
76.92307700000001
46.153846
42.307692
50.0
84.0
100.0
100.0
100.0
73.07692299999999
6.666667
50.0
46.153846
50.0
42.307692
33.333333
21.212121
24.242424
6.060606
-18.181818
-33.333333
-42.424242
-24.242424
-18.181818
-18.181818
-30.30303
-36.363636
-21.212121
-36.363636
-36.363636
-36.363636
-42.424242
-42.424242
-42.424242
-42.424242
-39.393939
-57.575758
-60.606061
-63.636364
-90.909091
-106.060606
-109.090909
-118.181818
-130.30303
-118.181818
-139.393939
-118.181818
-139.393939
-139.393939
-160.606061
-187.878788
-145.454545
-163.636364
-184.848485
-187.878788
7.76699
13.592233
9.708738
14.563107
15.533981
22.330097
23.300971
23.300971
16.504854
15.533981
17.475728
21.359223
6.796117
6.796117
9.708738
22.580645
22.580645
25.806452
25.806452
22.580645
