99.802786
99.803876
99.78045
99.790256
99.80169600000001
99.79134500000001
99.807689
99.802786
14.832536
4.545455
0.0
-6.937799
-4.545455
-6.698565
-1.435407
7.177033
2.177033
-0.956938
15.417559
21.199143
27.408994
30.835118
26.980728
26.33833
29.764454
38.115632
38.972163
40.685225
42.61242
43.040685
38.115632
48.608137
55.246253
50.942184
48.394004
44.325482
35.760171
44.111349
38.543897
27.623126
43.018868
37.358491
36.226415
45.283019
34.716981
33.584906
39.245283
34.716981
35.09434
47.886792
37.735849
47.924528
44.90566
32.603774
21.509434
2.641509
23.396226
36.981132
17.735849
12.45283
10.447761
2.238806
11.320755
-4.528302
-8.301887000000001
-8.301887000000001
1.886792
16.226415
10.188679
1.509434
