97.309417
102.242152
59.550562
43.548387
66.129032
58.064516
72.580645
85.48387099999999
74.19354800000001
112.903226
109.677419
82.258065
61.290323
58.064516
72.580645
48.387097
72.580645
75.80645199999999
70.967742
72.580645
54.83871
43.548387
37.096774
16.049383
8.641975
0.0
4.938272
4.938272
7.407407
4.938272
-1.234568
-3.703704
3.703704
16.049383
17.283951
13.580247
4.938272
8.641975
4.938272
8.641975
11.111111
13.580247
14.814815
40.659341
47.252747
37.362637
37.362637
37.362637
37.362637
15.384615
15.384615
18.681319
32.967033
26.373626
23.076923
14.285714
15.384615
18.681319
27.906977
44.186047
44.186047
44.186047
55.813953
76.744186
79.069767
100.0
79.069767
95.348837
117.948718
161.538462
151.282051
156.410256
