-22.666667
-22.666667
-23.733333
-23.733333
-24.266667
-24.0
-22.4
-24.0
-23.2
-22.133333
-20.8
-21.066667
-20.8
-20.0
-19.466667
-21.333333
-22.666667
-21.866667
-20.533333
-20.533333
-18.933333
-17.866667
-20.8
-19.466667
-19.466667
-20.0
-20.8
-19.466667
-18.933333
-19.2
-18.933333
-19.2
-18.4
-18.666667
-17.866667
-17.866667
-17.866667
-16.533333
-15.733333
-16.0
-16.533333
-16.266667
-16.533333
-16.533333
-18.133333
-18.133333
-17.866667
-17.866667
-16.533333
-18.933333
-19.466667
-18.933333
-18.4
-19.2
-20.266667
-20.533333
-21.066667
-20.533333
-20.533333
-20.533333
-20.533333
-20.8
-19.733333
-19.2
-19.733333
-21.066667
-21.066667
-19.466667
-20.8
-21.066667
-22.133333
-22.133333
-22.666667
-22.933333
-23.2
-25.866667
-25.6
