15.844156
16.103896
14.025974
15.584416
15.064935
16.363636
16.883117
15.584416
15.324675
16.103896
17.662338
16.623377
16.363636
16.103896
16.363636
15.584416
14.805195
14.545455
15.324675
16.363636
16.363636
16.623377
15.844156
15.844156
15.844156
15.584416
15.064935
16.103896
16.623377
16.883117
16.883117
16.623377
16.103896
16.623377
16.363636
16.363636
16.623377
17.922078
18.701299
16.623377
16.103896
16.103896
16.103896
16.363636
15.324675
17.402597
