-0.074229
-0.075054
-0.086601
-0.08247699999999999
-0.08989999999999999
-0.096498
-0.090725
-0.110519
-0.10887
-0.094848
-0.08412600000000001
-0.06102
-0.068441
-0.056072
-0.068441
-0.07009
-0.067617
-0.068441
-0.059371
-0.053599
-0.0503
-0.042054
-0.037107
-0.031335
-0.034633
-0.034633
-0.036282
-0.034633
-0.03051
-0.028861
-0.033808
-0.042054
-0.042879
-0.040405
-0.034633
-0.037107
-0.034633
-0.037107
-0.038756
-0.040405
-0.04123
-0.053599
-0.058546
-0.051125
-0.051125
-0.051125
-0.051125
-0.034633
-0.034633
-0.037107
-0.047826
-0.042879
-0.040405
-0.033808
-0.034633
-0.037107
-0.032984
-0.038756
-0.038756
-0.038756
-0.042879
-0.0503
-0.051125
-0.058546
-0.051125
-0.056897
-0.064318
-0.078336
-0.07503799999999999
-0.07668700000000001
