217.488789
217.668161
213.811659
215.426009
217.309417
215.605381
218.295964
217.488789
218.026906
214.170404
212.466368
209.865471
210.762332
209.955157
211.928251
215.156951
213.282511
212.107623
214.529148
216.950673
219.55157
220.986547
219.372197
219.103139
220.538117
224.035874
224.394619
225.112108
225.919283
226.098655
224.035874
228.430493
231.210762
229.408072
228.340807
226.636771
223.049327
226.547085
224.215247
219.641256
218.295964
216.950673
216.681614
218.834081
216.32287
216.053812
217.399103
216.32287
216.412556
219.452915
217.040359
219.461883
218.744395
215.820628
213.183857
208.699552
213.632287
216.860987
212.286996
211.03139
210.313901
208.340807
210.762332
206.995516
206.098655
206.098655
208.520179
211.928251
210.493274
208.430493
210.224215
210.313901
208.430493
206.008969
204.753363
206.188341
207.533632
207.264574
208.609865
209.596413
212.466368
212.197309
213.632287
212.914798
213.183857
216.860987
214.439462
215.605381
215.695067
215.964126
216.233184
214.349776
213.901345
215.874439
216.32287
218.206278
219.013453
223.139013
224.753363
223.318386
224.663677
223.587444
224.125561
225.73991
223.766816
221.524664
222.06278
221.704036
220.627803
221.883408
223.139013
221.883408
221.434978
220.807175
219.641256
219.730942
219.461883
220.717489
221.61435
220.358744
224.573991
103.953713
105.978785
108.100289
109.54677
107.232401
105.207329
106.750241
106.171649
103.085824
102.314368
98.649952
100.289296
93.92478300000001
95.08196700000001
99.228544
100.675024
93.828351
96.43201500000001
98.55352000000001
99.51784000000001
104.243009
97.39633600000001
98.264224
99.421408
100.96432
102.89296
98.93924800000001
100.771456
104.243009
104.628737
104.050145
104.918033
108.196721
105.785921
101.157184
102.603664
103.953713
104.918033
101.253616
101.639344
101.92864
100.675024
103.085824
102.89296
107.232401
109.932498
110.99325
109.450338
110.02893
117.647059
122.661524
123.529412
122.70974
119.382835
115.564127
109.575699
91.996143
104.050145
103.182257
106.943105
106.460945
110.703954
115.014465
114.946962
125.168756
126.8081
130.761813
127.29026
127.483124
126.904532
121.022179
117.164899
115.621986
116.798457
116.875603
114.36837
118.611379
118.900675
120.829315
120.540019
126.721311
121.774349
123.307618
119.267117
120.829315
129.411765
127.965284
108.389585
112.632594
107.907425
112.825458
113.114754
111.764706
109.836066
108.196721
113.211186
115.043394
109.450338
111.186114
112.43973
100.289296
98.74638400000001
96.23915100000001
95.85342300000001
100.385728
103.567985
106.171649
107.135969
114.657666
113.114754
118.129219
124.011572
126.8081
129.218901
126.711668
130.858245
131.243973
134.522662
139.151398
142.430087
142.140791
145.419479
154.387657
155.544841
151.494696
149.373192
148.601736
143.587271
144.262295
147.155256
142.140791
142.333655
146.865959
147.540984
146.094503
146.962392
143.394407
140.887175
136.547734
136.451302
144.937319
145.901639
144.744455
153.326905
159.691418
160.27001
161.620058
165.477338
168.659595
168.659595
166.634523
165.670203
164.12729
160.945034
162.979749
162.970106
166.441659
170.009643
172.22758
175.409836
177.627772
178.0135
176.952748
177.338476
172.806172
179.267117
174.252652
177.685632
176.856316
174.541948
171.263259
176.759884
176.856316
177.338476
178.688525
179.267117
177.338476
177.53134
177.434908
181.195757
179.951784
186.11379
189.778206
188.235294
172.757956
171.166827
175.313404
172.902604
177.04918
175.506268
175.313404
173.1919
174.059788
173.1919
173.770492
177.242044
176.374156
174.734812
175.216972
171.359691
171.359691
171.938284
172.613308
176.470588
172.131148
171.552555
170.684667
170.781099
173.288332
169.141755
167.405979
163.905497
161.23433
163.452266
160.366442
156.412729
160.848602
169.045323
166.055931
167.984571
167.695275
162.19865
160.559306
158.727097
156.219865
156.509161
158.727097
159.498554
155.641273
154.869817
156.219865
157.666345
155.641273
150.626808
146.383799
140.694311
139.151398
143.394407
140.019286
141.851495
137.126326
135.679846
132.883317
136.258438
127.579556
126.229508
128.158149
137.80135
150.530376
147.540984
151.494696
153.423337
152.362584
149.373192
145.998071
141.369335
136.740598
138.958534
18.558786
31.302149
33.12263
41.011378
48.445006
48.445006
51.276865
48.798989
56.74842
58.204804
59.620733
57.673831
57.294564
56.53603
51.125158
52.844501
51.378003
43.792668
41.82048
51.489254
53.603034
50.791403
50.108723
55.221239
53.501896
57.800253
61.1378
62.907712
65.08217399999999
71.75726899999999
70.44247799999999
67.71175700000001
70.08849600000001
69.53223800000001
71.7067
71.7067
71.858407
73.223767
68.981037
72.616941
76.662453
82.579014
83.79266800000001
80.25284499999999
83.23641000000001
80.960809
77.52212400000001
78.28065700000001
76.662453
76.96586600000001
75.600506
75.802781
74.03287
74.690265
75.044248
80.505689
78.02781299999999
71.352718
67.30720599999999
70.84702900000001
69.582807
68.925411
64.627054
67.357775
64.222503
65.385588
69.936789
65.233881
68.470291
66.902655
61.289507
62.351454
61.390645
59.721871
60.379267
60.480405
57.092288
53.249052
53.501896
51.833123
52.237674
55.018963
51.630847
53.80531
53.603034
53.704172
52.439949
51.02402
47.484197
45.461441
45.764855
48.900126
48.849558
48.2933
46.017699
46.219975
45.663717
44.450063
46.118837
50.467762
50.012642
51.175727
53.198483
50.164349
53.097345
54.007585
52.89507
53.35019
51.580278
50.11378
51.175727
49.152971
48.950695
46.826802
48.546144
49.506953
47.281922
43.23641
41.011378
45.208597
44.500632
43.286979
42.983565
41.517067
40.657396
40.45512
36.814159
35.701643
35.297092
37.724399
35.145386
36.814159
37.825537
40.202276
37.673831
35.549937
34.336283
36.055626
36.207332
36.005057
34.892541
39.443742
39.190898
39.190898
41.112516
41.668774
42.477876
40.859671
41.82048
43.135272
45.309735
45.764855
45.360303
44.247788
43.337547
40.556258
38.786346
37.876106
38.230088
38.63464
41.163085
39.494311
38.988622
39.08976
39.494311
39.747155
39.949431
40.303413
38.432364
39.898862
40.505689
40.45512
45.876106
44.399494
45.96713
48.091024
45.309735
46.523388
48.242731
48.546144
50.012642
47.342604
48.546144
49.152971
48.697851
46.523388
47.231353
48.394437
50.872314
48.74842
49.608091
46.472819
47.585335
47.737042
50.265487
48.445006
47.130215
47.079646
45.865992
43.640961
42.326169
43.286979
45.410872
47.635904
46.675095
46.118837
44.14665
43.843236
43.994943
45.259166
46.017699
46.42225
46.472819
45.107459
44.854614
45.259166
45.663717
47.029077
49.456384
45.916561
45.663717
47.180784
46.42225
43.994943
40.0
39.140329
38.887484
37.673831
37.623262
30.34134
32.010114
33.375474
34.285714
30.088496
32.060683
29.88622
34.235145
34.690265
34.841972
34.235145
33.375474
34.184576
34.134008
32.718078
31.757269
34.285714
33.57775
32.869785
29.4311
31.302149
32.515803
30.644753
30.290771
31.504425
32.262958
33.426043
30.79646
30.897598
30.948167
33.375474
33.476612
33.324905
32.920354
33.527181
32.667509
33.072061
32.060683
32.566372
33.881163
33.12263
33.223767
34.437421
35.297092
37.825537
39.140329
39.898862
39.747155
40.101138
40.151707
40.404551
38.331226
39.494311
40.303413
41.567636
41.011378
40.0
38.381795
36.359039
37.319848
37.319848
36.460177
35.448799
36.207332
37.926675
37.117573
37.774968
39.08976
38.331226
39.190898
37.21871
36.561315
35.752212
35.195954
35.39823
35.246523
36.561315
38.432364
38.786346
37.977244
38.685209
37.623262
38.280657
40.202276
41.264223
40.707965
41.061947
42.477876
42.932996
64.679039
64.131427
63.21874
63.766352
66.747794
66.626103
66.93033200000001
67.356252
65.530879
65.470033
64.313964
64.43565599999999
63.888044
63.157895
63.157895
62.123517
61.210831
57.92516
56.829936
54.584728
57.681777
57.499239
59.263766
59.993915
61.697597
60.602373
62.671129
63.462124
65.591725
61.454214
57.681777
61.052632
62.853666
62.245208
62.914512
62.3669
63.340432
64.070581
65.65257099999999
65.470033
64.983267
66.139337
66.80864
65.9568
64.55734699999999
63.462124
61.831457
62.306054
66.86948599999999
67.721326
66.565257
67.53878899999999
66.504411
66.99117699999999
68.025555
68.938242
67.782172
70.946152
70.520231
69.723152
67.23456
69.181625
71.79799199999999
72.649833
70.410709
71.79799199999999
75.44873699999999
76.60480699999999
73.74505600000001
73.59902599999999
73.866748
74.901126
73.501673
71.12868899999999
71.493763
73.62336500000001
72.52814100000001
73.319136
77.760876
80.133861
80.559781
80.559781
81.71585
82.506845
83.176148
84.940675
85.18405799999999
86.27928199999999
85.18405799999999
87.131123
87.61788900000001
88.043809
89.753575
88.573167
88.713112
86.32187399999999
82.811074
82.385154
82.324308
82.263462
83.30392500000001
83.011865
85.853362
84.02798900000001
83.84545199999999
80.98570100000001
81.71585
82.385154
81.959233
81.594159
78.430179
77.82172199999999
76.60480699999999
77.030727
77.395802
77.82172199999999
80.43808900000001
82.14177100000001
83.72376
84.697292
83.054457
82.811074
82.324308
83.541223
79.464557
79.64709499999999
74.657743
69.668391
65.22665000000001
63.157895
61.697597
64.37481
67.295406
62.3669
65.10495899999999
66.626103
66.747794
66.38272000000001
69.42500800000001
70.03346500000001
67.660481
68.82263500000001
69.187709
71.84666900000001
71.585032
70.885306
70.82446
71.341649
70.246425
67.477943
66.504411
65.591725
61.697597
66.139337
68.81655000000001
69.48585300000001
76.01460299999999
78.734408
80.012169
77.25585599999999
77.091573
77.091573
80.012169
79.09948300000001
78.8561
79.76878600000001
81.168239
81.47246699999999
81.41162199999999
82.020079
81.47246699999999
84.697292
85.24490400000001
84.51475499999999
83.84545199999999
82.993611
82.87192
81.168239
80.92485499999999
78.734408
77.94341300000001
74.901126
74.049285
77.760876
77.27410999999999
76.72649800000001
76.72649800000001
75.2662
74.901126
77.15241899999999
75.996349
75.50958300000001
78.8561
76.969881
75.935503
75.570429
79.342866
80.073015
81.959233
82.87192
77.88256800000001
76.11804100000001
75.752966
76.787344
77.639185
76.05719499999999
74.657743
73.501673
74.390021
71.79799199999999
69.96044999999999
70.337694
69.729236
65.77426199999999
65.591725
67.23456
65.713416
65.530879
66.86948599999999
63.401278
59.202921
58.716155
58.734408
52.570733
57.864314
55.91725
58.046851
61.210831
63.21874
63.644661
61.454214
63.583815
59.872224
53.726803
50.988744
50.927898
50.136903
48.305446
44.86766
42.896258
44.234865
47.520535
46.74171
51.90143
53.240037
55.430484
55.752966
53.787648
55.150593
55.004563
56.34317
57.456647
58.107697
54.317006
55.978096
54.822026
53.574688
52.388196
55.308792
54.943718
57.986005
57.620931
58.837846
62.427746
61.819288
61.515059
61.332522
60.237298
61.880134
61.028293
61.089139
66.99117699999999
67.843018
65.65257099999999
67.356252
66.747794
67.59963500000001
66.626103
66.626103
64.861576
66.017645
66.261028
65.16580500000001
63.766352
63.21874
61.697597
64.00973500000001
60.845756
60.724064
59.628841
58.959538
57.024643
57.195011
58.107697
56.282324
60.237298
60.78491
61.393368
59.689687
59.324612
57.255856
58.898692
58.411926
58.716155
56.890782
57.438394
56.829936
53.726803
51.353818
52.75327
47.337998
47.581381
46.912078
43.078795
49.041679
49.954366
49.528445
49.285062
51.171281
48.980834
46.790386
45.816854
47.520535
50.015211
50.076057
49.89352
51.110435
54.33526
54.882872
51.597201
53.848494
53.605111
54.091877
53.787648
53.48342
54.274414
55.673867
53.422574
56.160633
56.099787
58.046851
58.472772
57.864314
59.750532
59.93307
60.419836
61.149985
60.237298
61.636751
63.376939
62.853666
63.888044
64.192273
62.975357
63.583815
63.340432
60.845756
58.472772
55.302708
53.069668
53.300882
56.464862
52.205659
50.197749
51.049589
47.398844
46.972924
47.216307
50.806206
53.240037
49.285062
46.486158
48.980834
48.068147
50.441132
49.710983
50.806206
50.745361
51.718893
56.464862
54.76118
55.308792
55.734713
53.300882
51.597201
50.258594
47.398844
47.88561
45.8777
50.380286
49.89352
47.45969
47.337998
46.30362
47.703073
50.501977
51.171281
51.049589
47.277152
47.216307
51.658047
49.163371
47.45969
47.337998
48.615759
52.023121
51.840584
50.197749
49.89352
42.774566
37.237603
38.150289
44.417402
42.105263
40.158199
38.819592
36.872528
38.211135
39.671433
38.150289
38.332826
36.385762
43.991482
53.90934
61.697597
63.888044
64.192273
61.758442
59.628841
60.967448
62.245208
66.078491
73.319136
74.110131
75.205354
73.927594
74.000608
71.554609
71.737146
70.520231
67.53878899999999
65.293581
70.03346500000001
68.329784
67.782172
68.585336
74.006693
73.01490699999999
67.417098
63.21874
62.123517
86.218436
99.847886
109.461515
120.231214
110.921813
123.334347
135.686036
132.278674
130.879221
124.977183
129.540615
133.252206
136.963797
136.477031
131.426833
137.268026
135.138424
130.696684
125.950715
123.090964
126.315789
121.934895
117.249772
116.337085
122.239124
120.535443
122.482507
116.519623
114.572559
115.789474
119.926985
113.416489
114.633404
110.739276
111.895345
113.416489
123.212656
121.630666
124.745969
128.202008
124.490417
116.397931
113.842409
117.493155
117.554001
121.691512
120.839671
121.448129
122.29997
123.821113
121.265592
114.511713
106.601765
96.56221499999999
97.77912999999999
96.62306100000001
91.025251
88.713112
87.496197
89.869182
91.998783
89.44326100000001
67.05202300000001
70.39854
78.430179
82.75022800000001
84.453909
84.149681
87.61788900000001
88.65226699999999
79.64709499999999
87.00943100000001
87.131123
86.46181900000001
84.636447
89.686644
77.70003
74.84028000000001
74.110131
84.940675
83.236994
74.596897
68.086401
69.607545
74.657743
68.20809199999999
60.176453
55.856404
58.168543
57.255856
64.253118
62.671129
62.671129
65.77426199999999
61.393368
64.861576
61.697597
66.078491
71.25038000000001
71.85883800000001
72.710678
72.40645000000001
76.178887
77.030727
72.83237
55.734713
58.959538
75.69212
78.825677
79.28202
64.861576
49.832674
39.245513
38.880438
36.811682
37.480986
46.972924
57.499239
67.59963500000001
61.636751
54.33526
57.316702
62.671129
54.578643
58.959538
49.163371
59.324612
56.860359
55.430484
53.300882
52.631579
52.874962
48.859142
42.2878
27.076361
26.95467
32.369942
32.065713
41.192577
40.340736
42.652875
39.42805
42.2878
40.340736
39.549741
37.541831
35.959842
39.793124
43.200487
49.954366
55.521752
54.213569
46.790386
50.562823
52.509887
50.562823
47.337998
50.690599
49.930027
41.557651
38.211135
33.708549
31.031336
36.872528
33.83024
25.37268
25.494372
21.904472
21.539398
19.166413
18.49711
20.322483
27.027685
26.607849
26.285367
28.414968
32.856708
34.061454
39.549741
40.036507
39.300274
38.697901
38.637055
38.758747
42.652875
44.356556
43.261333
40.462428
39.549741
40.888348
41.496806
47.277152
46.060237
42.835412
43.322178
41.922726
46.060237
47.642227
47.88561
48.919988
48.554913
45.756009
48.189839
53.544265
51.232127
50.867052
54.274414
54.456952
57.073319
56.038941
54.943718
50.988744
48.250685
45.573471
43.261333
39.488896
35.83815
38.758747
39.975662
39.184667
41.922726
48.250685
49.163371
49.771828
53.726803
51.353818
52.570733
49.224217
52.023121
51.840584
51.353818
49.345908
50.441132
50.076057
50.806206
47.398844
49.163371
51.110435
53.361728
53.118345
48.859142
48.128993
47.581381
50.441132
53.361728
55.308792
54.456952
54.882872
55.126255
53.240037
54.274414
52.388196
51.785823
54.584728
54.091877
52.266504
52.570733
52.814116
56.464862
59.872224
59.750532
60.906602
63.888044
63.65683
62.79282
63.522969
63.21874
62.549437
60.419836
59.324612
43.865691
44.683599
45.157124
41.713302
44.683599
46.663797
45.931985
45.24322
44.85579
45.329316
44.46836
43.30607
42.746449
43.219974
44.984933
44.167025
43.30607
43.6935
44.726647
45.24322
45.501507
46.104176
44.511408
46.276367
43.435213
45.114077
42.229875
40.421868
43.736548
43.994834
42.832544
42.057684
43.521309
44.339217
45.071029
45.759793
45.071029
43.865691
44.812742
43.176926
43.650452
45.415411
46.706845
46.620749
47.266466
45.931985
44.425312
45.931985
45.845889
44.382264
43.564356
44.253121
46.01808
46.577701
45.544554
47.094275
47.051227
49.418855
48.041326
47.95523
46.534653
46.79294
47.266466
47.309514
46.965131
47.094275
45.544554
43.822643
45.501507
46.319415
46.439948
45.975032
46.879036
47.309514
46.835988
45.544554
44.167025
45.071029
46.922084
45.975032
46.362462
46.620749
45.673698
46.577701
46.749892
48.471804
47.696944
48.816186
50.150667
48.170469
51.097718
49.935428
51.399053
52.81963
56.650882
57.916487
56.69393
56.995265
55.101162
54.713732
53.551442
54.842876
54.154111
54.498493
53.766681
54.842876
54.111063
51.743435
53.551442
53.293155
53.422299
52.389152
52.733534
52.733534
53.164012
52.04477
51.614292
52.260009
50.88248
48.773138
41.721543
42.521167
41.815616
41.768579
41.015992
40.357479
39.746002
37.253057
37.629351
38.240828
40.169332
39.934149
40.169332
40.310442
40.216369
38.664158
36.688617
37.017874
36.35936
36.50047
37.347131
39.651929
41.815616
43.367827
43.650047
47.318909
49.619003
45.202258
43.979304
46.613358
46.095955
50.517404
45.813735
45.296331
48.871119
48.165569
49.200376
51.364064
52.304798
53.010348
53.621825
56.773283
55.832549
55.691439
52.963311
62.888053
59.830668
57.055503
60.018815
59.689558
58.513641
57.572907
57.24365
49.57667
54.656632
49.670743
49.529633
46.095955
45.954845
41.627469
43.838194
41.956726
42.841016
44.825964
44.731891
49.01223
46.566322
45.390405
46.142992
45.672625
46.142992
43.414864
45.155221
43.697084
45.249294
47.507056
48.777046
48.353716
48.588899
47.695202
45.484478
44.308561
45.437441
43.791157
40.122295
39.887112
40.404516
37.582314
33.537159
36.07714
36.265287
36.64158
37.394167
37.488241
38.617121
38.946378
38.993415
39.087488
40.592662
42.380056
43.74412
41.063029
37.158984
41.110066
39.557855
35.23048
33.866416
35.277516
37.582314
39.698965
41.157103
39.887112
41.439323
40.310442
39.416745
43.4619
43.226717
39.746002
35.747883
29.915334
23.706491
28.739417
31.608655
35.277516
36.453434
35.5127
38.052681
31.373471
34.713076
33.066792
39.510818
40.921919
43.508937
44.308561
42.850423
41.251176
42.662277
43.508937
36.876764
36.519285
43.508937
41.157103
39.746002
39.604892
39.134525
35.08937
32.596425
29.868297
31.044214
32.502352
36.35936
37.441204
35.841957
29.209784
31.843838
30.714958
30.479774
30.150517
32.314205
32.784572
32.220132
29.727187
28.174976
28.598307
26.622766
28.080903
29.53904
29.774224
30.620884
33.537159
33.160865
29.303857
29.209784
24.035748
25.446849
24.129821
20.837253
18.250235
22.483537
27.892756
28.316087
27.187206
32.126058
34.148636
34.430856
35.587959
36.265287
35.606773
33.443086
32.361242
30.903104
31.091251
28.222013
27.140169
24.835372
28.363123
29.680151
27.939793
27.234243
25.164628
26.481656
25.258702
26.904986
24.647225
21.119473
23.000941
20.60207
18.156162
14.252117
13.687676
17.215428
17.873942
17.497648
14.016933
13.405456
14.91063
13.076199
13.264346
12.464722
12.464722
15.19285
15.898401
14.722484
15.804327
17.121355
16.980245
16.509878
16.509878
16.321731
18.015052
16.415804
16.933208
14.675447
14.299153
14.722484
12.182502
9.689558
10.865475
9.219191
6.867357
6.39699
7.337723
10.065851
8.325494000000001
6.444026
9.313264
7.761054
9.642521
10.112888
9.266228
9.501411000000001
9.971778
7.66698
5.644403
4.609595
1.881468
0.094073
-1.646284
-6.208843
-9.454374
-11.335842
-11.302916
-13.546566
-22.765757
-19.238006
-16.321731
-16.886171
-15.851364
-16.980245
-23.330198
-29.11571
-26.763876
-32.925682
-34.477893
-36.876764
-34.80715
-32.878645
-35.888993
-30.385701
-26.528692
-30.329257
-33.019755
-32.784572
-30.573848
-34.383819
-34.854186
-35.545626
-33.819379
-37.864534
-40.968956
-34.619003
-37.064911
-39.746002
-41.768579
-43.132643
-46.942615
-40.921919
-43.60301
-43.508937
-43.32079
-44.590781
-47.365945
-47.224835
-46.001881
-40.992474
-41.486359
-43.273754
-43.414864
-43.4619
-46.190028
-42.19191
-45.061148
-45.954845
-50.893697
-49.388523
-41.721543
-41.063029
-40.404516
-44.026341
-44.590781
-44.637817
-45.409219
-43.414864
-45.719661
-41.142992
-35.700847
-34.571966
-56.068503
-57.185406
-60.871184
-62.174237
-58.674609
-60.089352
-71.10945599999999
-72.226359
-62.025316
-69.471333
-70.290395
-71.70513800000001
-64.705882
-59.344751
-58.600149
-51.451973
-55.249442
-57.408786
-58.97245
-66.046165
-63.81236
-61.131794
-55.845123
-58.376768
-54.802681
-53.685778
-52.196575
-57.781087
-57.408786
-63.216679
-53.685778
-58.525689
-57.632167
-61.057334
-57.483246
-54.43038
-56.142964
-55.770663
-53.387937
-54.802681
-53.611318
-56.142964
-57.855547
-58.302308
-58.600149
-61.801936
-57.110946
-58.451229
-58.153388
-58.078928
-61.727476
-57.632167
-58.451229
-58.525689
-58.004468
-60.454207
-60.238273
-60.290395
-62.323157
-61.705138
-64.705882
-66.120625
-68.20551
-65.822785
-67.98213
-67.907669
-69.84363399999999
-68.950112
-67.01414699999999
-66.93968700000001
-67.01414699999999
-70.811616
-72.74758
-75.27922599999999
-74.683544
-73.71556200000001
-71.10945599999999
-73.268801
-77.81087100000001
-80.268057
-79.37453499999999
-77.736411
-79.300074
-81.75726
-79.821296
-80.789278
-81.38495899999999
-80.863738
-80.416977
-79.448995
-79.821296
-80.863738
-81.98063999999999
-80.119136
-80.044676
-87.788533
-92.330603
-93.149665
-91.06478
-88.75651499999999
-90.09679800000001
-88.309754
-84.81012699999999
-81.75726
-79.89575600000001
-76.247208
-76.396128
-79.597915
-76.396128
-74.46016400000001
-76.47058800000001
-79.672375
-78.034252
-75.80044700000001
-76.247208
-75.502606
-73.86448300000001
-74.683544
-74.832465
-73.79002199999999
-75.651526
-77.736411
-77.736411
-77.587491
-79.300074
-80.789278
-82.65078200000001
-81.75726
-77.513031
-75.949367
-76.172748
-76.842889
-79.37453499999999
-78.406552
-80.64035699999999
-80.71481799999999
-83.097543
-83.693224
-81.459419
-82.05510099999999
-81.38495899999999
-85.703649
-86.74609100000001
-86.52271
-86.671631
-86.15040999999999
-85.33134800000001
-85.852569
-85.480268
-85.778109
-85.778109
-88.011914
-89.42665700000001
-90.543559
-87.937453
-92.107223
-93.59642599999999
-94.19210699999999
-91.51154099999999
-92.85182399999999
-95.011169
-95.011169
-94.713328
-100.670141
-98.21295600000001
-99.62769900000001
-101.265823
-102.978407
-100.446761
-99.62769900000001
-98.883098
-99.106478
-97.915115
-100.595681
-107.967238
-105.658972
-102.308265
-105.361132
-104.839911
-105.733433
-113.998511
-113.402829
-110.349963
-108.190618
-110.424423
-113.104989
-109.30752
-108.93522
-110.201042
-109.530901
-110.424423
-110.498883
-111.169025
-112.956069
-110.126582
-111.317945
-112.583768
-111.243485
-108.562919
-110.424423
-109.381981
-109.679821
-109.530901
-114.966493
-110.573343
-109.530901
-109.605361
-107.818317
-110.424423
-111.839166
-112.807148
-112.583768
-110.573343
-115.785555
-102.084885
-105.435592
-110.126582
-111.020104
-107.446016
-102.978407
-101.489203
-104.46761
-101.489203
-103.797468
-103.201787
-101.414743
-101.489203
-104.39315
-104.988831
-105.212211
-108.265078
-112.509308
-119.210722
-118.689501
-127.17796
-128.220402
-128.667163
-126.656739
-122.040208
-124.348474
-124.646314
-123.603872
-128.518243
-131.64557
-129.709605
-128.071482
-131.496649
-127.997022
-133.655994
-136.55994
-130.007446
-135.368578
-134.623976
-135.815339
-135.591958
-142.293373
-142.889054
-142.442293
-140.80417
-140.72971
-142.740134
-152.047655
-151.377513
-157.706627
-160.685034
-155.919583
-158.376768
-155.919583
-151.526433
-150.707372
-150.483991
-151.005212
-151.154133
-152.271035
-154.5793
-156.291884
-153.685778
-152.792256
-152.122115
-155.547282
-153.462398
-154.281459
-154.43038
-153.462398
-142.442293
-146.835443
-148.324646
-152.93373
-151.079672
-153.760238
-154.951601
-152.047655
-151.154133
-151.079672
-144.452718
-143.261355
-142.889054
-136.634401
-124.944155
-124.497394
-127.1035
-125.837677
-127.624721
-132.836932
-133.804914
-135.145197
-130.007446
-124.720774
-125.688757
-123.380491
-121.518987
-124.571854
-126.358898
-130.603127
-132.985853
-128.518243
-128.890544
-131.64557
-126.880119
-126.656739
-128.220402
-126.507818
-128.965004
-127.25242
-120.997766
-116.976917
-119.061802
-120.625465
-116.530156
-118.09382
-118.24274
-121.146687
-120.997766
-116.157856
-118.09382
-114.892033
-111.243485
-116.827997
-113.030529
-113.328369
-115.860015
-122.63589
-122.63589
-119.508563
-118.39166
-120.551005
-121.742368
-123.678332
-122.486969
-125.390916
-123.603872
-124.869695
-124.944155
-123.008191
-125.167535
-125.614296
-128.145942
-126.358898
-128.294862
-130.826508
-120.848846
-127.25242
-127.25242
-126.135517
-125.763217
-127.624721
-129.858526
-133.804914
-133.507074
-135.517498
-135.145197
-138.123604
-136.41102
-134.177215
-129.858526
-126.731199
-127.4758
-127.773641
-125.763217
-127.773641
-125.241996
-123.082651
-120.625465
-120.699926
-122.85927
-123.380491
-122.412509
-122.93373
-121.891288
-117.944899
-120.253165
-117.423678
-115.636634
-116.306776
-112.509308
-115.376024
-111.913626
-107.594937
-100.893522
-100.521221
-103.127327
-102.829486
-99.255398
-100.595681
-95.68131
-97.319434
-94.489948
-93.224125
-96.35145199999999
-97.61727500000001
-102.903946
-102.308265
-99.70215899999999
-98.778853
-100.22338
-99.478779
-99.03201799999999
-97.61727500000001
-98.883098
-99.70215899999999
-100.446761
-101.042442
-102.903946
-102.531646
-102.829486
-105.510052
-105.286672
-105.658972
-107.073716
-109.381981
-108.116158
-109.456441
-109.23306
-108.93522
-103.871929
-105.733433
-103.425168
-102.308265
-103.052867
-103.276247
-102.680566
-104.914371
-106.842889
-107.446016
-109.456441
-111.020104
-113.62621
-113.536858
-111.466865
-112.956069
-115.189873
-115.860015
-120.997766
-120.699926
-121.816828
-116.232316
-113.62621
-112.434847
-114.519732
-114.296351
-118.16828
-115.487714
-113.77513
-114.221891
-112.434847
-114.445272
-113.253909
-110.052122
-110.945644
-109.828742
-114.147431
-112.434847
-113.402829
-114.594192
-110.498883
-113.179449
-112.062547
-116.455696
-116.902457
-116.306776
-116.902457
-114.676098
-114.370812
-116.083395
-112.807148
-119.434103
-120.253165
-116.157856
-118.987342
-124.944155
-128.220402
-125.539836
-127.922561
-131.198809
-131.124348
-136.708861
-132.539092
-130.081906
-127.922561
-129.113924
-130.528667
-129.113924
-131.049888
-130.230827
-129.411765
-134.177215
-132.457185
-134.549516
-134.772897
-131.94341
-132.762472
-126.731199
-124.125093
-128.004468
-131.72003
-138.049144
-130.454207
-127.17796
-134.244229
-131.429635
-128.816083
-127.029039
-126.731199
-126.135517
-126.656739
-124.795235
-124.795235
-124.422934
-125.763217
-130.454207
-132.613552
-130.156366
-128.220402
-130.454207
-133.134773
-133.507074
-129.932986
-128.220402
-122.412509
-123.008191
-122.338049
-120.774386
-119.285182
-117.944899
-120.774386
-117.647059
-119.061802
-125.316456
-122.78481
-119.880864
-115.413254
-113.179449
-119.061802
-124.348474
-131.496649
-132.539092
-136.932241
-139.687267
-146.909903
-145.49516
-142.740134
-143.559196
-148.845867
-149.143708
-153.239017
-154.50484
-154.35592
-155.770663
-152.494415
-153.909159
-143.037975
-142.82204
-158.302308
-161.578555
-155.547282
-162.993299
-164.556962
-157.408786
-160.685034
-166.046165
-171.779598
-169.694713
-163.216679
-157.781087
-165.003723
-156.887565
-149.300074
-147.728965
-148.175726
-149.069248
-147.431124
-146.537602
-150.409531
-146.760983
-141.623232
-144.750558
-144.676098
-140.95309
-139.985108
-140.431869
-135.591958
-137.930007
-137.453462
-131.347729
-124.497394
-126.135517
-123.231571
-125.986597
-121.072226
-118.912882
-120.327625
-119.955324
-119.434103
-120.402085
-126.582278
-129.411765
-127.602383
-122.93373
-120.908414
-126.358898
-128.443783
-133.581534
-132.01787
-133.655994
-126.358898
-131.496649
-135.145197
-132.241251
-126.358898
-125.390916
-127.639613
-130.379747
-131.72003
-141.995532
-143.410276
-140.87863
-144.005957
-148.845867
-150.483991
-155.026061
-156.515264
-158.004468
-159.419211
-152.122115
-155.100521
-153.387937
-134.326136
-124.199553
-120.997766
-105.807893
-106.999255
-101.414743
-103.127327
-109.1586
-117.274758
-121.518987
-123.008191
-131.79449
-136.932241
-142.442293
-140.95309
-139.687267
-144.601638
-140.506329
-127.997022
-118.540581
-126.284438
-131.72003
-126.656739
-125.614296
-129.85108
-137.900223
-144.750558
-142.814594
-135.889799
-136.634401
-128.667163
-127.40134
-129.635145
-128.145942
-125.912137
-124.646314
-128.220402
-127.550261
-138.421445
-126.880119
-123.380491
-126.582278
-130.528667
-131.049888
-128.518243
-132.01787
-125.390916
-135.889799
-133.060313
-136.612063
-134.177215
-134.251675
-127.550261
-129.486225
-132.613552
-125.152643
-127.029039
-122.680566
-119.731943
-120.029784
-113.402829
-106.478034
-105.510052
-104.76545
-101.563663
-99.62769900000001
-77.513031
-63.51452
-53.387937
-53.015637
-42.367833
-41.250931
-35.219657
-43.112435
-45.27178
-47.133284
-43.037975
-44.452718
-50.707372
-55.621742
-64.80268100000001
-58.153388
-55.919583
-57.781087
-55.472822
-54.206999
-54.877141
-52.047655
-52.419955
-43.112435
-50.335071
-55.323902
-42.218913
-41.250931
-40.059568
-46.537602
-43.261355
-43.335815
-40.87863
-40.208488
-42.218913
-49.292628
-52.792256
-56.068503
-50.558451
-45.793001
-53.760238
-50.856292
-48.324646
-49.96277
-55.845123
-51.898734
-55.770663
-52.271035
-52.122115
-52.271035
-56.366344
-65.00372299999999
-61.131794
-60.536113
-59.642591
-65.227103
-67.68428900000001
-66.641847
-67.163068
-66.195086
-68.20551
-63.44006
-61.355175
-66.641847
-63.44006
-62.174237
-64.482502
-65.376024
-66.046165
-69.918094
-66.120625
-69.545793
-66.195086
-72.300819
-71.407297
-71.70513800000001
-70.521221
-71.206255
-70.43931499999999
-68.950112
-72.8965
-69.545793
-75.05584500000001
-74.385704
-72.67312
-74.385704
-71.77959799999999
-76.991809
-78.183172
-76.247208
-69.173492
-72.37527900000001
-76.842889
-75.27922599999999
-75.651526
-72.44973899999999
-70.067014
-72.52419999999999
-72.82204
-75.428146
-69.76917299999999
-72.44973899999999
-73.566642
-72.226359
-74.832465
-75.80044700000001
-75.353686
-74.981385
-74.162323
-76.47058800000001
-76.47058800000001
-77.661951
-81.75726
-82.204021
-83.023083
-83.097543
-85.778109
-84.512286
-84.437826
-86.29933
-87.788533
-91.734922
-92.702904
-96.27699200000001
-95.60684999999999
-97.989576
-99.92554
-107.222636
-109.08414
-102.382725
-106.775875
-105.510052
-109.456441
24.289196
24.126726
24.235039
25.209856
25.236935
25.480639
25.507717
26.374222
25.101543
25.507717
24.370431
24.343352
24.939074
25.426483
26.536691
26.834552
28.540482
28.188465
29.515299
27.94476
27.186569
26.942865
49.130651
48.484848
48.087432
47.988077
49.428713
50.124193
48.137109
48.236463
50.869349
48.733234
49.627422
51.068058
53.60159
52.707402
53.055142
51.862891
53.303527
51.266766
52.657725
53.303527
52.359662
50.571287
48.683557
47.391952
47.739692
49.428713
50.422255
50.024839
50.422255
49.428713
51.068058
49.925484
49.379036
47.09389
45.404868
46.299056
45.702931
45.355191
45.951316
47.491307
48.584203
48.782911
49.925484
51.167412
50.024839
49.677099
51.515152
51.515152
53.651267
53.25385
55.886736
57.277695
58.917039
60.655738
62.791853
64.182812
65.971187
64.92796800000001
64.480874
63.636364
65.325385
65.027322
66.865375
63.934426
65.325385
65.27570799999999
63.040238
64.03377999999999
64.828614
65.22603100000001
64.133135
63.487332
62.116244
61.798311
63.537009
62.49379
60.059613
60.158967
60.606061
61.748634
62.49379
61.152509
61.400894
61.599603
60.854446
62.295082
62.344759
61.798311
61.102832
60.307998
53.204173
52.409339
53.949329
52.111277
52.806756
53.60159
54.918033
54.942871
56.085445
56.184799
57.377049
55.638351
53.551913
51.763537
54.396423
51.564829
51.912568
52.359662
53.005464
51.167412
51.266766
52.309985
51.316443
51.415797
53.154496
55.191257
53.999006
55.98609
53.303527
52.459016
50.670641
51.415797
52.359662
52.309985
51.266766
49.230005
49.379036
49.726776
51.465474
53.60159
51.266766
48.385494
48.882265
49.329359
48.335817
49.379036
49.82613
49.031297
48.931942
47.9384
48.236463
47.789369
47.292598
43.864878
46.050671
43.864878
40.039742
37.307501
34.525584
34.624938
37.57079
34.42623
35.866865
34.128167
30.799801
31.793343
32.5385
30.203676
31.197218
31.197218
31.892697
31.693989
31.246895
32.141083
32.5385
32.737208
33.929459
34.624938
35.817188
34.277198
35.171386
36.959762
36.612022
35.866865
34.873323
34.475907
34.326875
34.277198
35.27074
35.61848
35.022355
35.221063
35.121709
36.860407
34.674615
36.015897
36.910084
39.0462
42.921013
45.454545
44.759066
43.914555
42.12618
41.828117
40.337804
39.542971
39.592648
40.884252
40.884252
41.530055
41.828117
42.225534
41.728763
41.679086
42.970691
43.815201
45.255837
44.957774
44.510681
44.908097
44.908097
43.517139
42.970691
42.771982
44.610035
43.417784
43.765524
43.417784
39.791356
39.294585
40.039742
43.566816
44.01391
48.385494
47.193244
47.441629
