346.961326
345.856354
347.513812
351.381215
349.723757
348.066298
346.40884
345.856354
346.40884
341.436464
335.359116
330.939227
329.834254
335.911602
334.254144
333.701657
333.149171
329.281768
329.281768
324.309392
323.756906
323.756906
324.309392
324.309392
330.38674
329.834254
335.911602
340.331492
337.016575
335.359116
335.911602
335.911602
340.331492
335.911602
334.254144
330.38674
330.939227
329.834254
333.149171
335.911602
335.911602
340.331492
335.911602
335.359116
335.911602
338.674033
336.464088
341.436464
335.359116
334.254144
336.464088
335.911602
335.359116
340.883978
340.883978
348.618785
351.933702
351.933702
349.723757
345.856354
340.883978
332.044199
328.729282
329.281768
330.38674
340.331492
340.883978
340.331492
335.911602
335.911602
335.911602
336.464088
335.911602
341.436464
341.436464
341.436464
353.038674
