90.359712
90.07194200000001
90.503597
91.510791
91.079137
90.647482
90.215827
90.07194200000001
90.215827
88.920863
87.338129
86.18705
85.899281
87.48201400000001
87.05036
86.906475
86.76259
85.755396
85.755396
84.460432
84.316547
84.316547
84.460432
84.460432
86.043165
85.899281
87.48201400000001
88.633094
87.769784
87.338129
87.48201400000001
87.48201400000001
88.633094
87.48201400000001
87.05036
86.043165
86.18705
85.899281
86.76259
87.48201400000001
87.48201400000001
88.633094
87.48201400000001
87.338129
87.48201400000001
88.20143899999999
87.625899
88.920863
87.338129
87.05036
87.625899
87.48201400000001
87.338129
88.776978
88.776978
90.79136699999999
91.65467599999999
91.65467599999999
91.079137
90.07194200000001
88.776978
86.47481999999999
85.61151099999999
85.755396
86.043165
88.633094
88.776978
88.633094
87.48201400000001
87.48201400000001
87.48201400000001
87.625899
87.48201400000001
88.920863
88.920863
88.920863
91.942446
91.942446
106.145251
105.959032
104.096834
105.027933
105.027933
96.648045
97.39292399999999
94.785847
94.972067
95.903166
96.834264
94.972067
91.806331
91.806331
92.178771
89.57169500000001
87.15083799999999
85.8473
86.219739
87.337058
89.013035
89.757914
93.29608899999999
92.73743
91.806331
94.972067
93.29608899999999
93.29608899999999
96.648045
94.785847
91.806331
91.24767199999999
91.061453
87.709497
87.52327699999999
85.288641
82.122905
81.750466
78.21229099999999
77.839851
75.977654
74.11545599999999
74.86033500000001
74.11545599999999
79.515829
84.171322
84.543762
87.52327699999999
87.15083799999999
87.337058
90.130354
83.42644300000001
88.268156
91.62011200000001
90.87523299999999
91.806331
91.061453
90.87523299999999
88.82681599999999
89.385475
89.013035
91.24767199999999
98.324022
98.324022
99.068901
102.420857
104.096834
96.461825
101.675978
97.020484
94.785847
91.061453
89.19925499999999
89.757914
91.24767199999999
86.592179
88.268156
87.337058
85.47486000000001
85.47486000000001
87.709497
87.895717
89.19925499999999
83.612663
81.750466
83.798883
82.495345
15.76087
7.065217
5.978261
16.304348
5.978261
64.39790600000001
66.317627
66.492147
68.237347
66.492147
65.445026
66.666667
64.39790600000001
62.652705
61.605585
56.020942
62.303665
64.921466
57.766143
58.289703
69.80802799999999
71.553229
78.708551
80.27923199999999
81.500873
81.849913
80.45375199999999
76.963351
78.534031
77.48691100000001
78.359511
80.27923199999999
76.963351
81.151832
85.51483399999999
83.944154
82.54799300000001
78.359511
85.34031400000001
85.16579400000001
85.68935399999999
83.595113
73.298429
68.062827
70.331588
75.91623
78.534031
82.54799300000001
90.226876
92.495637
90.92495599999999
88.30715499999999
93.19371700000001
88.656195
86.736475
88.830716
89.005236
87.260035
89.179756
89.528796
94.066318
96.16055799999999
97.905759
98.25479900000001
93.36823699999999
91.099476
86.910995
88.30715499999999
87.434555
90.57591600000001
94.589878
97.556719
97.905759
96.33507899999999
91.448517
94.415358
90.92495599999999
90.57591600000001
90.40139600000001
100.8726
101.22164
101.04712
98.77836000000001
92.495637
93.01919700000001
89.005236
90.75043599999999
90.40139600000001
89.528796
89.005236
89.005236
91.27399699999999
89.354276
89.354276
89.528796
94.066318
85.863874
72.83464600000001
70.472441
74.80315
73.228346
71.259843
72.83464600000001
63.779528
67.322835
58.661417
65.748031
65.748031
66.141732
70.866142
62.204724
56.692913
51.181102
54.330709
51.968504
52.362205
52.362205
48.031496
43.307087
35.433071
36.220472
31.496063
15.748031
24.409449
31.496063
23.228346
27.165354
24.80315
25.984252
29.527559
12.598425
13.779528
15.354331
11.417323
35.03937
36.614173
40.944882
41.338583
38.976378
35.433071
37.007874
44.488189
40.944882
44.094488
51.968504
47.637795
48.425197
46.850394
48.031496
55.11811
60.629921
58.267717
57.874016
54.330709
52.755906
46.456693
28.346457
18.450185
14.02214
3.690037
1.476015
2.95203
19.557196
9.225092
5.904059
12.915129
4.797048
7.01107
1.476015
2.214022
62.5
79.285714
94.285714
96.42857100000001
106.428571
111.071429
98.214286
86.42857100000001
90.35714299999999
101.428571
91.42857100000001
87.85714299999999
83.57142899999999
84.285714
96.785714
106.071429
100.357143
92.85714299999999
97.85714299999999
92.14285700000001
87.14285700000001
76.07142899999999
69.64285700000001
80.35714299999999
71.785714
71.785714
81.07142899999999
86.785714
91.785714
103.928571
100.714286
103.571429
102.5
108.214286
108.571429
107.5
112.142857
115.357143
109.642857
115.357143
124.642857
126.785714
122.142857
122.5
118.214286
120.0
120.357143
123.928571
119.642857
123.214286
124.642857
125.357143
119.285714
119.285714
119.285714
126.071429
127.857143
114.642857
111.785714
120.0
117.857143
115.714286
115.714286
115.0
97.5
112.5
118.214286
117.142857
121.428571
126.071429
118.571429
129.285714
124.285714
121.071429
116.071429
122.5
122.142857
117.142857
123.571429
121.071429
114.642857
122.857143
103.928571
100.714286
111.428571
113.928571
103.214286
91.785714
88.214286
86.07142899999999
90.0
97.5
105.357143
102.142857
98.214286
89.64285700000001
79.285714
79.64285700000001
73.92857100000001
82.85714299999999
79.64285700000001
80.714286
86.785714
76.785714
82.85714299999999
88.57142899999999
94.64285700000001
95.714286
91.07142899999999
99.64285700000001
101.785714
104.642857
105.714286
111.785714
116.428571
117.142857
115.714286
111.785714
112.142857
116.785714
112.142857
115.357143
118.571429
107.5
100.357143
100.357143
100.714286
107.857143
117.857143
120.714286
118.928571
118.571429
119.642857
119.285714
120.714286
122.5
121.785714
122.857143
90.63360900000001
92.011019
92.286501
88.980716
89.53167999999999
92.011019
92.286501
91.184573
90.082645
90.63360900000001
92.286501
91.460055
92.561983
92.286501
98.62259
126.785714
127.142857
126.785714
125.357143
126.785714
127.142857
126.071429
126.428571
126.785714
129.285714
124.642857
125.0
122.5
122.142857
122.142857
118.571429
118.928571
118.571429
118.571429
121.071429
114.642857
118.571429
122.5
123.214286
121.428571
122.142857
115.714286
120.0
112.142857
122.142857
122.142857
122.857143
119.285714
119.285714
122.5
122.857143
122.142857
123.571429
122.857143
123.571429
123.214286
128.214286
129.285714
130.0
130.714286
129.642857
128.571429
127.857143
124.285714
117.142857
123.214286
115.357143
113.214286
105.0
111.785714
111.785714
115.357143
115.357143
115.357143
118.571429
119.285714
125.357143
125.357143
122.857143
122.857143
126.071429
125.714286
127.5
125.714286
125.0
123.214286
122.142857
123.214286
121.428571
120.0
121.785714
119.285714
122.5
119.285714
122.5
117.5
122.142857
120.714286
122.857143
120.714286
122.5
124.285714
121.428571
121.071429
121.071429
122.142857
125.357143
125.357143
124.285714
122.142857
121.785714
122.857143
122.857143
120.714286
122.857143
126.071429
129.285714
136.785714
136.071429
137.142857
142.857143
148.928571
150.714286
149.642857
144.642857
146.071429
144.285714
141.428571
142.5
152.5
156.071429
161.428571
147.857143
151.428571
151.428571
150.0
150.0
151.428571
150.714286
153.571429
152.5
155.357143
154.642857
156.071429
166.428571
166.428571
161.785714
155.357143
157.5
158.928571
163.571429
160.357143
157.5
160.0
166.428571
169.285714
175.0
180.357143
188.928571
186.071429
190.714286
187.142857
188.928571
183.571429
178.214286
173.214286
164.285714
165.714286
168.928571
169.285714
169.285714
184.642857
188.571429
189.642857
188.571429
190.357143
191.071429
185.0
185.714286
187.857143
71.031746
71.42857100000001
67.85714299999999
72.222222
73.015873
78.968254
78.968254
79.761905
79.36507899999999
79.761905
79.36507899999999
75.793651
76.58730199999999
75.0
75.0
75.793651
75.0
67.460317
67.85714299999999
63.095238
63.492063
63.492063
67.460317
68.253968
69.047619
71.42857100000001
73.015873
73.015873
75.39682500000001
67.85714299999999
67.460317
67.460317
71.825397
71.42857100000001
71.825397
71.031746
67.063492
67.063492
72.61904800000001
71.825397
71.42857100000001
72.61904800000001
71.42857100000001
71.031746
67.460317
67.460317
63.492063
63.492063
63.492063
64.68254
64.285714
72.222222
71.42857100000001
69.047619
68.650794
72.61904800000001
63.492063
59.52381
63.492063
66.666667
65.079365
55.952381
50.396825
49.603175
47.222222
48.015873
56.349206
54.761905
50.793651
50.793651
48.015873
45.238095
43.650794
33.333333
35.714286
48.015873
39.285714
36.904762
52.777778
63.888889
65.87301600000001
62.301587
65.079365
74.206349
71.031746
63.492063
53.571429
55.15873
55.555556
55.952381
62.698413
71.42857100000001
75.0
75.0
61.111111
68.650794
67.063492
63.888889
65.47619
62.301587
59.52381
60.714286
64.68254
64.68254
66.666667
63.095238
65.87301600000001
71.825397
75.39682500000001
84.12698399999999
82.539683
87.301587
79.761905
75.0
77.777778
82.14285700000001
81.349206
87.698413
100.793651
102.380952
101.984127
110.714286
117.063492
116.269841
96.031746
94.84126999999999
79.36507899999999
91.269841
92.063492
95.238095
82.936508
84.52381
74.60317499999999
71.031746
78.174603
105.15873
105.15873
115.079365
107.936508
93.650794
101.587302
109.52381
99.206349
115.079365
123.015873
121.825397
119.444444
116.269841
121.031746
116.269841
115.47619
116.666667
108.333333
118.253968
121.428571
138.095238
152.777778
163.492063
166.269841
161.507937
157.936508
148.809524
163.888889
158.333333
154.365079
155.15873
163.095238
163.492063
189.68254
196.031746
181.349206
186.507937
190.873016
186.507937
196.428571
194.84127
187.301587
183.333333
197.222222
201.190476
254.857143
248.0
230.285714
235.428571
220.0
206.857143
211.428571
201.714286
201.142857
212.571429
195.428571
196.571429
220.0
231.428571
238.285714
235.428571
239.428571
237.142857
243.428571
236.571429
228.571429
205.142857
206.285714
207.428571
208.0
204.571429
204.0
211.428571
218.857143
212.0
204.0
215.428571
249.714286
216.0
229.142857
226.857143
216.0
210.857143
214.857143
210.857143
170.285714
173.142857
169.142857
170.285714
190.857143
173.714286
187.428571
198.857143
198.857143
181.714286
175.428571
184.0
192.571429
184.0
170.857143
189.142857
170.285714
147.428571
148.0
142.285714
53.289474
62.5
58.991228
71.92982499999999
74.561404
74.342105
76.754386
70.833333
72.368421
74.561404
72.807018
69.517544
73.245614
62.280702
69.078947
68.859649
58.552632
53.508772
56.578947
57.45614
60.745614
57.894737
61.842105
64.692982
67.54386
68.640351
70.614035
68.421053
68.421053
65.789474
64.47368400000001
66.22807
69.29824600000001
66.22807
71.92982499999999
72.807018
68.859649
66.885965
71.92982499999999
72.149123
75.657895
73.464912
75.657895
73.464912
73.903509
77.192982
79.824561
79.60526299999999
83.77193
82.236842
80.263158
76.096491
69.95614
69.736842
66.22807
66.666667
68.421053
75.657895
71.052632
70.175439
66.885965
70.175439
70.175439
73.684211
69.078947
68.640351
72.149123
69.517544
72.149123
72.149123
70.833333
73.245614
74.561404
73.245614
75.657895
77.41228099999999
79.60526299999999
78.947368
77.41228099999999
73.245614
74.12280699999999
74.12280699999999
73.02631599999999
73.245614
75.438596
75.438596
83.99122800000001
88.157895
85.745614
80.921053
79.60526299999999
81.578947
77.41228099999999
75.87719300000001
75.21929799999999
73.684211
76.535088
68.421053
66.22807
62.5
66.447368
63.596491
59.429825
61.842105
64.254386
67.324561
62.280702
62.061404
62.5
60.526316
59.868421
60.526316
59.649123
59.429825
60.526316
64.692982
63.377193
60.087719
61.403509
64.692982
59.649123
52.192982
51.315789
51.754386
53.289474
48.464912
47.149123
44.736842
44.736842
49.122807
45.833333
47.368421
52.412281
50.0
53.947368
47.368421
51.096491
53.947368
53.508772
56.140351
52.850877
60.526316
59.868421
55.04386
55.482456
50.219298
47.149123
53.289474
53.508772
59.429825
58.114035
55.263158
44.736842
48.026316
48.026316
51.096491
51.315789
47.149123
46.27193
46.491228
49.780702
49.342105
49.780702
45.614035
49.122807
50.877193
53.289474
49.561404
48.245614
50.657895
48.026316
51.096491
56.359649
53.289474
57.236842
57.675439
52.850877
53.508772
54.605263
55.04386
55.701754
50.657895
54.605263
57.017544
59.210526
67.763158
55.04386
54.605263
59.649123
61.403509
63.377193
65.789474
65.350877
63.815789
60.964912
55.921053
55.263158
51.535088
53.070175
54.166667
52.192982
50.877193
52.412281
46.491228
51.535088
49.561404
46.710526
49.561404
48.684211
46.710526
52.631579
73.464912
80.921053
86.184211
85.964912
80.263158
81.79824600000001
86.842105
83.114035
83.552632
83.77193
84.42982499999999
85.52631599999999
85.08771900000001
85.964912
81.79824600000001
84.42982499999999
84.42982499999999
82.89473700000001
84.649123
84.42982499999999
84.868421
83.114035
81.79824600000001
78.07017500000001
84.868421
84.210526
86.62280699999999
85.08771900000001
82.45614
72.661871
72.661871
65.827338
66.906475
66.18705
73.02158300000001
83.81295
74.820144
71.942446
83.453237
96.402878
101.079137
96.402878
85.97122299999999
96.402878
89.20863300000001
88.129496
89.20863300000001
96.76259
93.165468
95.323741
85.61151099999999
87.769784
84.172662
95.323741
101.079137
108.633094
111.870504
110.071942
107.913669
110.431655
132.733813
124.820144
108.992806
114.028777
92.446043
93.52518000000001
96.76259
96.043165
103.597122
96.402878
84.172662
95.323741
91.366906
91.726619
87.05036
91.726619
81.29496399999999
78.776978
84.532374
83.453237
84.89208600000001
76.258993
73.741007
73.741007
80.93525200000001
80.57554
76.61870500000001
65.10791399999999
63.309353
53.956835
64.74820099999999
61.510791
65.10791399999999
80.93525200000001
72.30215800000001
87.410072
88.489209
91.007194
92.446043
92.086331
104.676259
98.561151
114.028777
121.942446
114.028777
102.517986
101.798561
110.071942
115.467626
109.71223
92.805755
83.453237
74.460432
65.827338
68.34532400000001
73.741007
87.769784
91.007194
89.92805799999999
74.460432
88.129496
86.690647
79.496403
74.460432
73.741007
91.726619
87.05036
88.489209
82.733813
79.856115
94.244604
96.043165
96.402878
59.71223
52.158273
60.431655
64.38848900000001
65.10791399999999
50.719424
58.992806
47.482014
57.194245
62.589928
46.402878
36.330935
37.410072
57.553957
62.589928
58.633094
45.35809
45.092838
33.952255
38.72679
43.501326
34.482759
33.156499
37.135279
35.543767
36.074271
36.604775
38.72679
43.766578
50.132626
51.98939
49.33687
46.419098
48.806366
49.602122
37.665782
36.604775
41.37931
43.236074
43.766578
41.114058
41.909814
42.70557
41.909814
46.419098
42.970822
46.153846
44.03183
41.37931
43.766578
51.724138
54.376658
49.071618
49.071618
44.562334
40.848806
40.318302
46.153846
40.583554
39.787798
40.848806
41.37931
49.071618
50.928382
49.602122
43.236074
46.153846
43.766578
46.68435
54.64191
53.31565
52.519894
58.355438
57.824934
59.416446
56.233422
53.580902
51.724138
45.35809
43.766578
39.522546
38.992042
32.360743
32.360743
36.339523
36.870027
36.604775
41.644562
43.766578
35.013263
42.175066
41.644562
39.257294
36.339523
37.400531
33.156499
35.013263
32.891247
31.034483
32.625995
32.095491
32.095491
35.013263
38.461538
45.35809
47.480106
43.501326
41.909814
44.562334
43.766578
43.501326
44.03183
42.440318
42.70557
41.114058
40.848806
40.05305
40.318302
42.440318
43.501326
42.440318
40.848806
41.644562
46.153846
46.153846
50.132626
52.254642
54.376658
55.702918
55.172414
53.31565
57.029178
56.763926
55.96817
54.111406
55.437666
61.803714
59.681698
63.129973
60.212202
61.538462
63.395225
62.599469
60.477454
57.824934
59.681698
57.029178
57.029178
54.111406
54.907162
54.907162
54.376658
54.907162
57.029178
59.681698
61.538462
61.538462
62.599469
62.599469
62.334218
58.62069
60.477454
57.029178
57.029178
57.29443
55.96817
56.233422
57.029178
59.681698
60.212202
58.090186
59.416446
57.029178
52.519894
53.050398
51.724138
51.98939
51.98939
51.458886
49.867374
48.806366
46.153846
46.153846
43.501326
41.37931
40.848806
40.848806
43.766578
48.01061
44.03183
43.766578
47.214854
46.419098
47.480106
44.03183
42.440318
46.419098
47.480106
51.724138
53.31565
53.31565
55.96817
52.254642
54.111406
55.172414
51.724138
55.172414
57.029178
58.090186
60.477454
61.007958
59.416446
54.376658
55.172414
54.376658
48.541114
47.745358
46.153846
39.787798
38.72679
38.461538
39.257294
39.257294
38.992042
41.644562
35.809019
32.625995
31.034483
31.299735
33.687003
34.217507
32.095491
30.769231
33.952255
30.503979
29.973475
33.156499
33.156499
33.421751
35.013263
33.156499
33.156499
33.156499
36.870027
44.827586
44.562334
42.440318
43.766578
43.501326
44.827586
44.03183
40.848806
41.644562
43.766578
41.644562
32.625995
31.154684
30.065359
31.590414
29.62963
27.233115
29.62963
29.1939
27.015251
27.88671
29.62963
29.847495
31.590414
32.461874
38.779956
41.6122
43.572985
43.572985
43.35512
38.779956
41.176471
42.91939
37.472767
37.690632
38.997821
40.305011
41.176471
41.176471
42.265795
41.176471
45.969499
51.198257
54.030501
52.505447
57.95207
57.95207
62.091503
62.091503
60.566449
61.220044
57.734205
58.169935
62.091503
59.912854
67.53812600000001
64.052288
66.666667
64.052288
64.705882
62.527233
62.309368
63.616558
60.566449
59.259259
55.119826
59.694989
57.95207
57.95207
55.337691
55.77342
49.237473
51.851852
51.633987
51.416122
51.198257
53.812636
56.64488
55.337691
48.148148
51.633987
51.416122
60.348584
59.912854
60.130719
56.64488
56.862745
58.605664
60.348584
57.734205
57.95207
58.823529
54.684096
54.684096
52.723312
50.980392
46.840959
47.930283
48.366013
49.237473
32.461874
39.869281
37.690632
31.590414
29.1939
32.461874
35.511983
35.294118
27.015251
21.568627
22.004357
20.479303
17.429194
11.546841
6.753813
10.239651
15.250545
9.586057
10.239651
13.507625
18.736383
22.004357
24.183007
19.389978
25.490196
22.004357
28.540305
30.718954
29.847495
27.233115
29.62963
24.183007
23.529412
25.272331
36.165577
34.204793
29.411765
27.668845
19.825708
24.400871
32.461874
31.808279
29.411765
29.62963
30.065359
25.272331
16.339869
11.328976
10.457516
8.932461999999999
5.882353
8.061002
4.575163
-1.30719
-0.653595
-0.316456
9.493671000000001
18.987342
15.822785
13.607595
22.151899
27.21519
25.949367
22.151899
19.620253
24.050633
18.670886
22.151899
25.0
24.050633
24.683544
22.78481
16.772152
12.341772
13.607595
18.670886
24.050633
25.0
27.531646
23.734177
24.683544
39.240506
47.78481
57.594937
57.278481
45.56962
36.708861
47.468354
41.772152
43.987342
42.405063
46.835443
44.936709
56.64557
49.683544
47.468354
51.898734
56.329114
46.202532
43.670886
38.291139
39.873418
40.506329
38.924051
35.443038
30.696203
41.772152
47.151899
44.620253
45.253165
34.493671
25.0
32.911392
31.64557
31.64557
18.181818
24.242424
22.424242
25.151515
14.545455
11.212121
11.212121
16.060606
12.424242
1.515152
3.797468
8.227848
2.848101
-0.632911
8.860759
6.012658
-1.265823
-6.012658
-6.962025
-4.113924
-5.063291
-6.962025
-4.746835
-5.379747
-6.962025
-4.43038
-3.797468
6.962025
11.708861
8.544304
9.177215
4.43038
9.493671000000001
7.594937
6.012658
5.379747
12.025316
6.329114
4.746835
6.962025
0.0
5.696203
5.696203
5.379747
7.911392
12.658228
15.189873
12.025316
9.177215
6.329114
14.873418
18.670886
19.936709
17.088608
6.64557
12.974684
12.974684
14.556962
15.189873
15.189873
21.518987
17.405063
18.670886
19.936709
17.721519
18.987342
9.177215
9.493671000000001
4.746835
-0.632911
-0.316456
2.21519
2.21519
0.316456
2.531646
3.164557
-1.898734
-12.341772
-12.658228
-14.873418
-18.987342
-16.772152
-18.35443
-19.303797
-16.139241
-22.468354
-22.151899
-31.64557
-36.708861
-34.810127
-31.329114
-19.620253
-17.721519
-19.620253
-22.468354
-22.78481
-22.78481
-23.101266
-19.620253
-23.101266
-19.936709
-20.56962
-25.632911
-21.518987
-24.367089
-25.0
-30.063291
-31.64557
-25.949367
-22.468354
-17.721519
-16.772152
-19.620253
-27.21519
-32.911392
-24.050633
-16.139241
-11.392405
-8.860759
-8.860759
-6.962025
-12.658228
-17.088608
-19.620253
-12.974684
-11.392405
-20.56962
-20.56962
-15.822785
-21.518987
-24.683544
-25.632911
-22.151899
-19.936709
-13.607595
-6.329114
-9.493671000000001
-10.443038
-12.025316
-16.455696
-16.139241
-10.443038
-9.177215
-6.012658
-0.632911
2.21519
-0.316456
0.0
-2.848101
-3.164557
-3.797468
-9.493671000000001
-7.278481
-6.329114
-4.43038
-4.113924
-3.164557
-3.481013
-4.113924
-5.063291
-3.797468
-4.113924
-4.113924
-7.278481
-6.64557
-13.291139
-13.607595
-16.772152
-14.556962
-13.924051
-13.291139
-10.126582
-7.594937
-4.43038
-4.43038
-0.632911
-0.632911
1.898734
2.531646
3.481013
30.872483
26.39821
21.923937
24.384787
22.595078
19.686801
20.805369
21.923937
24.608501
22.595078
23.93736
15.659955
18.791946
19.686801
18.568233
17.673378
19.463087
19.910515
19.01566
21.47651
24.161074
26.621924
26.621924
22.818792
24.832215
27.069351
29.082774
31.096197
30.872483
26.845638
24.161074
19.686801
17.225951
17.673378
17.225951
18.120805
15.436242
17.449664
18.568233
18.568233
15.659955
17.897092
19.686801
21.923937
20.357942
22.147651
21.923937
22.147651
22.147651
22.371365
20.581655
16.55481
16.778523
16.55481
12.975391
10.738255
13.199105
10.738255
7.38255
8.948546
42.24924
42.24924
38.297872
34.954407
34.650456
32.522796
33.43465
33.43465
34.650456
34.346505
33.43465
31.914894
33.130699
31.610942
31.610942
32.522796
32.218845
35.258359
34.650456
33.738602
33.130699
32.218845
33.130699
32.826748
32.522796
32.218845
31.610942
31.914894
30.091185
25.531915
27.963526
29.483283
29.787234
31.610942
37.68997
36.170213
35.258359
34.954407
32.826748
33.43465
33.43465
32.826748
26.443769
31.306991
30.699088
29.179331
29.179331
31.00304
30.091185
32.522796
29.787234
31.306991
31.00304
29.483283
20.668693
24.012158
32.218845
34.954407
37.68997
90.47619
91.156463
79.591837
90.47619
85.714286
51.70068
65.986395
64.62585
65.306122
67.34693900000001
60.544218
50.340136
50.340136
43.537415
59.863946
67.34693900000001
71.42857100000001
72.78911600000001
76.87074800000001
72.108844
74.14966
77.55101999999999
85.714286
84.353741
91.156463
92.51700700000001
91.836735
93.19727899999999
97.95918399999999
91.836735
93.19727899999999
80.952381
88.435374
87.75510199999999
78.911565
71.42857100000001
69.387755
76.190476
87.07483000000001
89.115646
94.557823
85.714286
92.51700700000001
85.034014
76.87074800000001
74.829932
72.108844
70.748299
44.897959
45.578231
24.489796
1.360544
-3.401361
-2.721088
-1.360544
0.0
12.244898
23.129252
25.170068
38.095238
39.455782
48.979592
44.897959
18.367347
19.047619
23.809524
35.37415
67.34693900000001
57.142857
70.748299
130.612245
88.435374
85.714286
84.353741
94.557823
72.108844
72.78911600000001
71.42857100000001
86.394558
91.836735
73.469388
72.108844
43.537415
34.693878
54.421769
51.70068
63.265306
39.455782
46.258503
52.380952
38.77551
53.741497
51.70068
66.666667
54.421769
58.503401
62.585034
58.503401
59.863946
73.469388
42.857143
33.333333
31.972789
23.129252
17.006803
14.285714
6.802721
-8.163264999999999
-20.408163
-38.77551
-24.489796
-30.612245
-50.340136
-51.020408
-48.979592
-40.136054
-14.965986
-6.802721
-29.251701
-56.462585
-56.462585
-61.904762
-57.823129
-57.142857
-38.095238
-33.333333
-35.37415
-26.530612
-21.768707
-29.931973
-31.292517
-23.809524
-38.77551
-57.142857
-65.986395
-48.29932
-56.462585
-65.986395
-58.503401
-53.741497
-35.37415
-19.047619
-18.367347
-8.163264999999999
-1.360544
-4.761905
-8.843537
0.680272
4.081633
5.442177
19.047619
-2.721088
-2.040816
-2.040816
-2.721088
-16.326531
2.721088
-3.401361
-0.680272
2.721088
-16.326531
-24.489796
-37.414966
-36.054422
-36.054422
-32.653061
-27.891156
-19.727891
2.721088
1.360544
-2.721088
-22.44898
-27.891156
-14.965986
-17.687075
-13.605442
-22.44898
-9.523809999999999
0.680272
-0.680272
7.881773
2.955665
-0.985222
1.970443
5.91133
-1.477833
-7.881773
-10.837438
-12.807882
-15.270936
-11.330049
-11.330049
-8.866994999999999
-11.330049
2.955665
8.374383999999999
8.374383999999999
13.300493
18.719212
15.270936
17.73399
11.82266
15.270936
23.152709
32.512315
24.630542
22.660099
27.093596
33.004926
33.497537
30.541872
33.004926
36.453202
43.349754
48.275862
58.62069
62.561576
63.054187
57.635468
53.20197
51.724138
38.916256
23.152709
22.167488
23.152709
20.197044
21.674877
22.660099
15.763547
14.285714
13.300493
9.852217
16.256158
13.300493
8.374383999999999
7.881773
13.300493
16.748768
16.256158
26.600985
47.770701
41.401274
41.401274
36.624204
36.305732
39.808917
34.076433
35.987261
34.713376
36.305732
33.43949
33.43949
36.942675
35.987261
37.261146
39.808917
36.305732
36.942675
39.490446
35.987261
30.573248
26.433121
19.745223
20.382166
14.33121
14.649682
18.471338
14.968153
17.197452
19.426752
15.605096
31.210191
35.987261
34.394904
33.757962
27.707006
29.617834
30.254777
31.528662
31.847134
34.076433
35.031847
35.987261
29.617834
25.796178
24.203822
26.433121
26.433121
24.840764
26.751592
27.388535
20.382166
26.433121
27.707006
33.757962
36.624204
32.802548
26.751592
25.159236
23.566879
20.382166
18.789809
20.063694
21.656051
29.299363
37.261146
36.305732
37.261146
39.490446
40.44586
37.898089
30.89172
29.936306
37.261146
36.624204
40.44586
37.898089
37.579618
40.764331
40.127389
31.847134
27.707006
34.076433
40.44586
50.318471
50.636943
52.229299
49.363057
55.732484
63.057325
72.611465
74.84076399999999
73.88535
74.203822
81.21019099999999
80.57324800000001
82.165605
88.853503
84.713376
91.082803
93.312102
100.955414
106.687898
106.050955
106.369427
105.414013
105.732484
105.732484
102.229299
101.592357
96.815287
96.496815
97.133758
99.681529
100.636943
100.318471
109.872611
109.235669
98.72611499999999
96.496815
92.67515899999999
92.67515899999999
90.764331
93.630573
94.585987
93.312102
96.496815
92.99363099999999
90.12738899999999
92.67515899999999
90.12738899999999
90.764331
87.579618
85.987261
76.751592
71.019108
73.88535
69.10827999999999
70.063694
66.56050999999999
70.382166
67.515924
69.745223
74.522293
69.745223
73.248408
83.121019
77.70700600000001
74.84076399999999
70.063694
66.56050999999999
61.146497
65.286624
63.057325
68.78980900000001
64.33121
52.547771
45.22293
45.859873
37.898089
42.993631
53.184713
49.681529
51.592357
52.229299
57.006369
54.77707
55.414013
56.050955
46.815287
40.44586
49.363057
55.414013
53.821656
53.503185
65.92356700000001
70.063694
65.605096
62.101911
69.10827999999999
69.054441
65.616046
73.06590300000001
73.06590300000001
68.19484199999999
61.318052
72.49283699999999
78.79656199999999
80.80229199999999
81.661891
78.223496
75.358166
70.20057300000001
78.510029
78.510029
82.52149
84.813754
86.819484
76.217765
56.446991
59.312321
62.17765
61.891117
60.744986
58.452722
61.604585
76.217765
76.790831
81.37535800000001
72.77937
78.79656199999999
79.36962800000001
77.65043
81.948424
81.37535800000001
69.91404
82.23495699999999
81.661891
85.10028699999999
90.830946
93.696275
121.019108
125.477707
115.923567
135.350318
151.592357
167.515924
163.694268
160.828025
150.0
158.598726
168.471338
167.834395
161.146497
152.229299
147.770701
134.394904
132.484076
135.031847
134.076433
141.719745
142.675159
147.452229
154.77707
151.592357
146.178344
146.178344
157.006369
163.694268
157.643312
146.815287
147.452229
150.318471
144.267516
151.910828
148.407643
145.22293
144.585987
142.038217
142.038217
137.579618
139.171975
133.43949
134.713376
138.216561
138.535032
141.082803
142.038217
158.280255
168.152866
170.700637
170.700637
165.605096
161.464968
160.828025
161.146497
185.350318
184.713376
179.936306
197.770701
207.324841
207.643312
209.55414
200.0
199.044586
196.178344
199.363057
200.318471
200.318471
197.452229
202.866242
205.732484
218.789809
217.515924
234.394904
229.936306
229.617834
228.66242
227.070064
229.936306
230.89172
230.573248
232.802548
229.617834
224.840764
228.66242
221.33758
223.566879
224.203822
226.751592
224.522293
230.254777
232.802548
239.490446
239.171975
226.751592
236.942675
228.66242
232.802548
230.89172
232.802548
238.216561
231.210191
228.66242
223.88535
220.063694
220.700637
217.197452
216.878981
220.382166
220.063694
219.426752
220.382166
220.382166
224.203822
227.707006
230.573248
236.624204
235.987261
236.624204
233.757962
233.43949
230.254777
229.617834
229.299363
233.757962
227.707006
228.025478
234.076433
235.350318
235.350318
237.261146
245.541401
248.407643
243.630573
238.216561
243.949045
244.904459
250.0
249.681529
252.547771
252.547771
253.184713
250.0
254.140127
255.732484
254.458599
258.280255
253.503185
253.503185
252.547771
253.821656
253.503185
255.414013
258.917197
261.464968
265.286624
260.509554
258.598726
259.872611
259.872611
261.783439
260.191083
261.783439
262.738854
267.834395
271.019108
271.656051
268.789809
268.789809
269.426752
270.382166
268.471338
268.471338
268.152866
265.923567
265.605096
265.605096
264.649682
264.968153
266.878981
265.286624
262.738854
262.101911
261.783439
263.057325
259.872611
261.464968
257.324841
259.872611
259.872611
261.783439
261.783439
262.101911
262.420382
268.471338
266.878981
259.872611
257.643312
259.872611
262.420382
264.649682
263.375796
264.649682
258.280255
261.464968
261.146497
265.923567
265.286624
265.605096
265.286624
264.012739
264.649682
263.694268
265.923567
265.923567
264.649682
264.968153
263.057325
263.057325
256.687898
257.006369
257.006369
258.598726
252.866242
87.33766199999999
86.363636
79.87013
82.14285700000001
79.87013
78.89610399999999
82.46753200000001
80.844156
81.81818199999999
84.090909
84.090909
86.038961
87.33766199999999
87.33766199999999
86.688312
86.038961
81.493506
86.038961
81.81818199999999
81.81818199999999
80.844156
78.246753
78.57142899999999
80.194805
78.246753
78.246753
78.57142899999999
73.051948
75.324675
68.831169
68.831169
68.506494
72.402597
73.376623
68.831169
66.233766
66.883117
71.42857100000001
71.753247
69.805195
73.376623
71.10389600000001
72.727273
68.506494
68.831169
66.558442
67.85714299999999
67.85714299999999
62.987013
67.207792
65.584416
68.18181800000001
63.311688
51.948052
53.571429
54.87013
53.246753
54.87013
51.623377
56.493506
61.688312
61.363636
54.545455
54.545455
56.493506
60.38961
66.233766
65.909091
71.753247
75.97402599999999
73.70129900000001
72.727273
74.02597400000001
70.454545
68.831169
68.506494
68.506494
68.831169
65.25973999999999
70.77922100000001
73.051948
80.194805
80.194805
81.493506
77.922078
76.948052
84.415584
87.012987
83.441558
84.74026000000001
89.285714
88.961039
86.363636
86.038961
75.324675
74.02597400000001
68.18181800000001
72.077922
73.051948
68.506494
67.53246799999999
70.77922100000001
70.77922100000001
70.454545
63.311688
69.155844
67.207792
75.0
69.805195
83.441558
79.545455
80.519481
83.116883
76.948052
70.12987
64.61039
83.116883
82.46753200000001
82.14285700000001
81.81818199999999
82.46753200000001
81.81818199999999
86.688312
82.14285700000001
78.89610399999999
74.02597400000001
72.402597
64.93506499999999
68.18181800000001
62.662338
66.233766
62.012987
56.168831
56.493506
60.38961
54.545455
51.948052
54.87013
52.922078
52.272727
49.675325
48.376623
43.506494
41.883117
38.636364
35.38961
34.74026
33.441558
36.038961
36.688312
38.636364
41.883117
45.454545
43.506494
50.0
49.025974
52.597403
60.064935
55.194805
58.116883
50.47619
49.52381
45.238095
47.142857
52.380952
56.190476
62.857143
62.857143
54.761905
59.52381
59.52381
60.0
63.333333
67.14285700000001
65.714286
65.238095
57.142857
61.904762
63.809524
69.52381
64.285714
69.52381
69.52381
67.14285700000001
67.14285700000001
72.85714299999999
74.761905
89.52381
90.952381
99.047619
85.714286
75.714286
72.38095199999999
74.761905
76.190476
82.85714299999999
87.14285700000001
91.90476200000001
93.809524
85.714286
83.333333
80.47619
75.238095
76.190476
73.809524
86.666667
83.333333
86.666667
83.809524
85.714286
90.47619
107.619048
100.952381
88.09523799999999
82.38095199999999
86.190476
87.61904800000001
86.190476
85.238095
76.666667
71.90476200000001
70.0
73.333333
72.38095199999999
72.38095199999999
72.85714299999999
72.85714299999999
