77.204712
77.26838600000001
75.899395
76.472461
77.14103799999999
76.536135
77.49124500000001
77.204712
77.395734
76.026743
75.42184
74.49856699999999
74.816937
74.530404
75.230818
76.37694999999999
75.711557
75.29449200000001
76.15409099999999
77.01369
77.93696300000001
78.446355
77.873289
77.777778
78.28717
79.528812
79.65616
79.910856
80.197389
80.26106299999999
79.528812
81.088825
82.075772
81.43584799999999
81.056988
80.452085
79.178606
80.420248
79.59248599999999
77.9688
77.49124500000001
77.01369
76.91817899999999
77.682267
76.790831
76.69532
77.172875
76.790831
76.82266799999999
77.90194200000001
77.04552700000001
77.905126
77.65043
76.612544
75.676536
74.084686
75.83572100000001
76.981853
75.358166
74.912448
74.657752
73.95733799999999
74.816937
73.479784
73.16141399999999
73.16141399999999
74.021012
