13.829787
14.095745
11.968085
13.56383
13.031915
14.361702
14.893617
13.56383
13.297872
14.095745
15.691489
14.62766
14.361702
14.095745
14.361702
13.56383
12.765957
12.5
13.297872
14.361702
14.361702
14.62766
13.829787
13.829787
13.829787
13.56383
13.031915
14.095745
14.62766
14.893617
14.893617
14.62766
14.095745
14.62766
14.361702
14.361702
14.62766
15.957447
16.755319
14.62766
14.095745
14.095745
14.095745
14.361702
13.297872
15.425532
14.893617
16.755319
16.755319
16.489362
16.755319
17.021277
18.617021
18.351064
17.287234
15.691489
14.361702
15.159574
14.893617
16.489362
16.489362
17.021277
16.489362
16.489362
14.361702
13.297872
13.297872
14.893617
12.765957
12.765957
11.702128
11.968085
11.702128
11.702128
11.170213
9.840426000000001
9.308510999999999
-250.0
-254.651163
-247.674419
-247.674419
-245.348837
-234.883721
-233.72093
-230.232558
-227.906977
-225.581395
-227.906977
-217.44186
-216.27907
-217.44186
-220.930233
-215.116279
-206.976744
-203.488372
-208.139535
-208.139535
-210.465116
-218.604651
-227.906977
-226.744186
-236.046512
-238.372093
-239.534884
-243.023256
-254.651163
-247.674419
-246.511628
-245.348837
-245.348837
-240.697674
-238.372093
-238.372093
-218.604651
-220.930233
-211.627907
-215.116279
-209.302326
-203.488372
-209.302326
-204.651163
-222.093023
-218.604651
-229.069767
-245.348837
-244.186047
-244.186047
-246.511628
-238.372093
-248.837209
-256.976744
-258.139535
-254.651163
-258.139535
-265.116279
-263.953488
-265.116279
-260.465116
-254.651163
-282.55814
-283.72093
-282.55814
-277.906977
-284.883721
-262.790698
-276.744186
-272.093023
-259.302326
-261.627907
-255.813953
-258.139535
-269.767442
-256.976744
-261.627907
-263.953488
-261.627907
-265.116279
-272.093023
-270.930233
-276.744186
-268.604651
-269.767442
-274.418605
-277.906977
-224.418605
-208.139535
-184.883721
-200.0
-189.534884
-166.27907
-170.930233
-170.930233
-186.046512
-189.534884
-187.209302
-206.976744
-191.860465
-194.186047
-210.465116
-209.302326
-215.116279
-224.418605
-248.837209
-251.162791
-273.255814
-288.372093
-319.767442
-359.302326
-356.976744
-360.465116
-350.0
-346.511628
-337.209302
-340.697674
-346.511628
-340.697674
-340.697674
-361.627907
-372.093023
-384.883721
-391.860465
-408.139535
-405.813953
-405.813953
-405.813953
-391.860465
-383.72093
-368.604651
-387.209302
-404.651163
-398.837209
-401.162791
-411.627907
-409.302326
-402.325581
-415.116279
-425.581395
-423.255814
-431.395349
-430.232558
-427.906977
-422.093023
-433.72093
-440.697674
-451.162791
-443.023256
-438.372093
-430.232558
-419.767442
-402.325581
-423.255814
-426.744186
-427.906977
-432.55814
-456.976744
-465.116279
-477.906977
-467.44186
-481.395349
-481.395349
-479.069767
-491.860465
-475.581395
-524.418605
-509.302326
-511.627907
-502.325581
-506.976744
-496.511628
-509.302326
-529.069767
-532.55814
-524.418605
-539.534884
-545.348837
-545.348837
-541.860465
-543.0232559999999
-551.162791
-548.837209
-581.395349
-576.744186
-541.860465
353.787879
355.30303
366.666667
377.272727
360.606061
365.151515
365.151515
368.939394
370.454545
371.212121
378.030303
374.242424
387.121212
379.545455
367.424242
362.878788
365.909091
357.575758
356.818182
356.818182
354.545455
353.787879
343.181818
347.727273
353.787879
347.727273
353.030303
359.848485
357.575758
359.848485
355.30303
354.545455
360.606061
356.060606
360.606061
364.393939
377.272727
383.333333
396.969697
390.151515
390.909091
389.393939
389.393939
383.333333
371.212121
364.393939
370.454545
378.787879
373.484848
384.090909
381.060606
381.060606
375.0
385.606061
387.878788
384.090909
379.545455
378.787879
370.454545
355.30303
355.30303
359.848485
350.0
353.787879
353.030303
351.515152
344.69697
344.69697
348.484848
346.969697
353.787879
343.181818
342.424242
20.253165
14.43038
14.683544
14.43038
14.177215
14.936709
18.987342
20.506329
16.455696
11.64557
16.455696
19.746835
20.506329
24.810127
24.556962
24.050633
26.582278
30.379747
32.658228
28.101266
25.063291
30.632911
31.139241
30.379747
34.936709
40.253165
36.202532
28.35443
24.050633
20.506329
21.012658
22.531646
20.506329
21.012658
21.265823
22.278481
23.037975
23.544304
28.35443
26.582278
22.025316
17.721519
17.468354
15.443038
14.177215
17.468354
17.974684
17.721519
18.987342
18.987342
20.506329
18.734177
23.037975
23.037975
22.278481
19.240506
16.708861
23.291139
26.582278
22.531646
20.253165
18.987342
18.734177
16.962025
21.012658
16.455696
13.164557
13.417722
13.164557
5.316456
11.64557
4.556962
8.354430000000001
12.151899
14.177215
12.151899
11.392405
8.354430000000001
8.101266000000001
7.594937
5.56962
6.835443
17.468354
15.696203
12.405063
11.898734
14.683544
15.443038
17.974684
21.518987
19.240506
18.227848
17.974684
16.202532
16.202532
15.949367
16.455696
18.227848
19.746835
18.227848
18.987342
17.974684
15.949367
18.227848
19.240506
16.202532
14.43038
14.683544
17.721519
16.455696
16.962025
18.227848
17.974684
20.0
16.708861
15.443038
15.949367
15.696203
14.43038
9.367089
9.367089
8.607595
7.594937
8.860759
9.873418000000001
9.873418000000001
9.367089
8.101266000000001
7.594937
7.341772
8.101266000000001
7.594937
7.848101
5.56962
2.78481
2.025316
2.278481
0.253165
6.586826
3.592814
3.592814
4.191617
5.988024
0.0
-2.39521
1.197605
0.5988019999999999
1.796407
1.197605
4.790419
1.796407
5.389222
5.389222
-1.796407
-1.197605
-2.994012
4.790419
1.796407
2.994012
0.5988019999999999
-5.988024
-15.568862
-16.167665
-12.57485
-10.778443
-10.778443
-10.179641
-11.976048
-10.179641
-10.179641
-5.389222
-8.383234
-7.784431
-1.796407
-4.790419
-8.383234
-8.383234
-10.778443
-12.57485
-9.580838
-10.179641
-5.389222
-13.772455
-16.167665
-13.772455
-8.383234
-8.982036000000001
-8.383234
-7.784431
-6.586826
-8.383234
-4.191617
-4.790419
-6.586826
-11.976048
-9.580838
-13.772455
-13.173653
-13.772455
-14.371257
-11.377246
-25.149701
-22.754491
-22.155689
-20.958084
-18.562874
-13.173653
-11.377246
-6.586826
-7.185629
-4.191617
-2.994012
-7.185629
-7.185629
-8.383234
-8.383234
-8.383234
-9.580838
-12.57485
-11.377246
-13.173653
-13.173653
-14.371257
-13.173653
-11.976048
-13.173653
-13.173653
-11.976048
-13.772455
-13.173653
-15.568862
-14.97006
-13.772455
-8.383234
-8.383234
-5.389222
-7.784431
-8.982036000000001
-5.988024
-7.185629
-5.988024
-5.389222
-3.592814
-2.994012
-4.790419
-9.580838
-10.179641
-8.982036000000001
-4.191617
-1.197605
-1.197605
-1.197605
-5.389222
-9.580838
-8.982036000000001
-9.580838
-8.982036000000001
-10.179641
-10.179641
-12.57485
-11.976048
-15.568862
-20.359281
-23.353293
-25.149701
-21.556886
-20.359281
-20.359281
-22.754491
-23.952096
-20.958084
-23.952096
-23.952096
-23.952096
-25.149701
-25.149701
-25.149701
-25.149701
-24.550898
-28.143713
-28.742515
-29.341317
-34.730539
-37.724551
-38.323353
-40.11976
-42.51497
-40.11976
-44.311377
-40.11976
-44.311377
-44.311377
-48.502994
-53.892216
-45.508982
-49.101796
-53.293413
-53.892216
-53.892216
-50.299401
-52.694611
-49.700599
-49.101796
-44.91018
-44.311377
-44.311377
-48.502994
-49.101796
-47.904192
-45.508982
-54.491018
-54.491018
-52.694611
-54.491018
-54.491018
-53.892216
-53.892216
-54.491018
