29.032258
29.354839
33.870968
32.258065
35.16129
37.741935
35.483871
43.225806
42.580645
37.096774
32.903226
26.056338
29.225352
23.943662
29.225352
29.929577
28.873239
29.225352
25.352113
22.887324
21.478873
17.957746
15.84507
13.380282
14.788732
14.788732
15.492958
14.788732
13.028169
12.323944
14.43662
17.957746
18.309859
17.253521
14.788732
15.84507
14.788732
15.84507
16.549296
17.253521
17.605634
22.887324
25.0
21.830986
21.830986
21.830986
21.830986
14.788732
14.788732
15.84507
20.422535
18.309859
17.253521
14.43662
14.788732
15.84507
14.084507
16.549296
16.549296
16.549296
18.309859
21.478873
21.830986
25.0
21.830986
24.295775
27.464789
33.450704
32.042254
32.746479
