28340.23
28381.71
28362.64
28243.75
28295.33
28281.09
28355.72
28273.07
28303.88
28351.24
28421.51
28437.69
28412.1
28240.6
28293.11
28279.83
28157.24
28288.96
28288.96
28293.46
28299.96
28304.45
28315.95
28271.98
28284.97
28337.93
28377.9
28195.66
28229.62
28269.09
28258.1
28270.09
28276.17
28273.67
28254.69
28257.18
28277.11
28276.12
28279.12
28266.63
28266.63
28268.13
28289.11
28272.54
28235.62
28233.13
28234.13
28233.07
28248.06
28210.09
28234.08
28249.06
28252.06
28252.1
28259.09
28265.59
28262.12
28255.07
28255.07
28266.06
28287.05
28289.54
28295.04
28301.04
28297.04
28295.05
28295.05
28283.06
28272.57
28278.12
28287.11
28292.61
28286.56
28259.44
28243.35
28246.95
28284.98
28284.98
28284.98
28361.53
28365.85
28365.85
28365.85
28403.51
28399.49
28418.61
28412.81
28417.9
28423.48
28401.26
28391.32
28388.12
28400.57
28355.68
28355.68
28355.68
28336.16
28317.7
28302.36
28281.74
28235.17
28205.99
28199.56
28202.77
28250.9
28275.17
28286.87
28301.81
28307.08
28236.42
28248.77
28251.85
28231.55
28243.82
28240.82
28293.16
28217.88
28219.18
28223.4
28192.92
28195.0
28191.27
28212.02
28232.17
28224.18
28252.99
28258.17
28261.81
28269.23
28226.49
28229.99
28241.53
28268.9
28242.36
28244.26
28257.27
28271.66
28299.35
28281.6
28301.2
28317.92
28326.7
28331.07
28338.82
28327.72
28331.34
28318.34
28291.25
28294.84
28278.46
28297.28
28317.31
28286.48
28284.32
28244.46
28215.26
28214.2
28205.44
28242.58
28233.59
28237.39
28241.89
28238.9
28226.91
28231.9
28233.9
28212.53
28210.03
28211.53
28220.53
28234.52
28238.02
28246.51
28238.52
28236.52
28244.02
28226.03
28207.05
28209.55
28139.3
28141.28
28142.3
28140.78
28159.29
28149.27
28150.27
28153.8
28126.12
28122.31
28126.32
28136.31
28179.76
28183.26
28183.27
28166.26
28167.26
28176.79
28184.28
28187.54
28179.23
28183.21
28184.23
28183.23
28197.2
28193.21
28190.24
28176.24
28189.74
28193.2
28205.7
28193.71
28206.19
28189.24
28198.24
28189.25
28182.25
28184.24
28170.08
28166.08
28181.25
28190.24
28192.24
28177.77
28173.75
28180.27
28179.27
28182.25
28184.77
28196.57
28210.5
28218.21
28220.84
28222.91
28217.96
28234.93
28211.75
28217.31
28205.32
28199.43
28121.91
28103.59
28069.33
28084.08
28041.34
28034.49
28038.88
28141.93
28170.99
28166.6
28169.64
28223.46
28228.73
28211.93
28190.34
28176.48
28173.79
28182.25
28179.95
28158.41
28151.88
28151.88
28151.88
28151.88
28151.88
28151.88
28151.88
28151.88
28151.88
28153.9
28176.06
28176.06
28180.16
28295.78
28282.8
28347.01
28330.01
28429.66
28418.26
28426.56
28440.05
28441.4
28432.8
28443.91
28442.3
28302.5
28297.39
28261.73
28235.14
28166.56
28148.02
28249.67
28278.67
28298.28
28084.89
28122.38
28180.36
28165.85
28184.84
28126.04
28129.54
28133.05
28111.57
28113.56
28106.57
28107.57
28077.52
28091.44
27949.08
27965.6
27979.61
28001.05
28000.12
28009.63
27969.29
27972.3
27881.12
27784.04
27652.07
27598.71
27598.88
27482.68
27482.68
27364.44
27533.09
27519.7
27519.7
27524.54
27664.82
27673.32
27690.61
27642.64
27675.19
27653.77
27679.26
27677.23
27776.67
27669.05
27680.03
27599.61
27537.14
27508.31
27509.89
27519.64
27533.89
27485.2
27458.73
27410.16
27274.89
27280.89
27311.39
27300.41
27318.91
27277.95
27305.94
27297.96
27271.49
27289.98
27285.99
27096.15
27108.15
26959.74
26991.3
27013.79
26928.81
26961.23
26958.26
26810.84
26816.37
26667.72
26577.69
26576.03
26604.07
26551.85
26561.69
26613.0
26601.29
26613.84
26499.17
26540.28
26620.05
26569.58
26648.05
26723.5
26731.5
26743.0
26739.52
26733.02
26733.03
26740.53
26760.02
26783.52
26784.02
26782.53
26781.44
26723.78
26646.32
26627.56
26654.31
26656.92
26646.42
26615.44
26620.94
26548.99
26399.03
26409.53
26455.52
26277.24
26461.56
26553.39
26484.82
26518.08
26760.94
26699.66
26738.88
26440.18
26368.02
26404.51
26455.0
26489.49
26442.01
26435.52
26461.52
26468.52
26450.53
26447.53
26452.53
26410.56
26064.71
26143.45
26173.58
26263.41
26201.94
26402.11
26366.51
26428.91
26427.76
26426.07
26153.11
26194.03
26269.67
26197.19
26193.6
26200.1
26331.2
26352.69
26454.16
26484.66
26520.65
26550.14
26545.15
26516.16
26504.67
26515.67
26543.68
26540.7
26545.04
26468.98
26507.33
26522.95
26503.97
26822.76
26847.29
26924.33
26929.87
26909.78
26852.27
26862.33
26819.39
26708.65
26926.44
26857.21
26823.72
26718.92
26693.34
26858.08
26809.53
26889.78
26931.08
26960.07
26974.07
26974.07
26948.58
27010.07
27000.58
27105.05
27090.56
27087.57
27028.59
27045.59
27075.59
27064.6
27051.57
27092.56
27091.29
27076.8
27203.54
27319.9
27282.89
27294.39
27305.56
27226.08
27215.85
27498.03
27562.31
27474.62
27489.37
27437.96
27438.47
27344.3
27416.95
27372.93
27456.02
27648.44
27592.83
27245.64
27294.12
27076.74
27592.01
27578.13
27544.54
27422.1
27539.05
27438.96
27441.61
27380.53
27385.59
27336.27
27310.58
27399.55
27450.53
27571.6
27619.08
27581.61
27492.23
27932.72
27998.69
28104.01
28168.58
28077.45
27879.49
27820.68
27823.12
27748.67
27764.66
27820.62
27800.64
27840.63
27945.08
28000.56
27971.09
27984.09
27923.5
28029.32
28045.08
28139.57
28149.55
28200.05
28209.5
28178.36
28207.8
28201.14
28268.66
28393.89
28370.14
28366.81
28355.63
28382.96
28392.47
28387.14
28365.8
28309.63
28382.13
28204.73
28244.22
28271.21
28294.21
28294.22
28286.55
28271.56
28276.24
28229.78
28225.29
28214.29
28246.29
28252.64
28302.67
28277.82
28146.39
28071.94
28124.42
28199.39
28217.89
28195.4
28181.43
28303.52
28317.92
28308.66
28283.66
28249.57
28253.19
28288.89
28554.93
28556.46
28612.45
28614.96
28632.96
28636.46
28669.96
28668.47
28673.49
28619.49
28620.98
28617.99
28638.48
28662.48
28674.48
28686.02
29676.07
29795.06
29934.48
29461.25
29324.25
29572.25
29634.25
29628.25
29453.75
29121.25
29108.2
29227.0
29018.0
29090.0
29070.0
29133.5
28956.0
28962.0
28894.0
28863.0
28877.5
28944.0
29177.0
29318.5
29194.5
29202.0
29246.62
29257.09
29310.06
29217.72
29300.0
29294.77
29378.15
29419.06
29421.57
29425.39
29343.45
29320.98
29480.93
29448.46
29468.45
29447.97
29454.48
29430.0
29510.78
29477.02
29572.49
29582.0
29603.0
29597.01
29608.51
29582.04
29598.54
29532.6
29364.49
29346.9
29387.14
29462.26
29466.64
29435.64
29283.14
29399.72
29358.26
29358.26
29345.64
29357.64
29339.67
29294.2
29295.71
29198.28
29199.78
29201.79
29136.83
29143.79
29173.32
29151.81
29183.25
29171.25
29232.76
29264.24
29161.34
29157.36
29248.32
29255.54
29039.88
28983.24
29007.93
28900.64
29130.63
29060.46
29076.46
29080.96
29012.0
