0.6842381442625686
0.668848731789049
0.6582767410734395
0.6326194279740108
0.6298744641969624
0.6180042045315555
0.6182107705626849
0.61237376272182
0.5980393994272394
0.5900525397878486
0.594894171776598
0.544233191018769
0.5166701390964032
0.5015351796132306
0.5277179678219854
0.5510443438665297
0.589977384470211
0.6151628942428466
0.6207905211756056
0.6284704386827563
0.6441705823443796
0.617339827964806
0.6068102239922027
0.6127211230422144
0.6276687810155346
0.636996599847215
0.640865878904553
0.6467788621087035
0.6461037580670299
0.6521304353580052
0.6405924574511173
0.6135652881992387
0.6208621243942203
0.6403568302942282
0.6439691110425618
0.6549383559642062
0.6665343443240421
0.6779450499652915
0.6868886037988399
0.6943263799569891
0.6983431000371132
0.6999625765447064
0.695603157012907
0.6895165779075468
0.6887045253734422
0.6881117894670779
0.6858565258124683
0.6839238645331186
0.6829106963942874
0.6786268227270615
0.6678126594661516
0.6543357593384219
0.6272533349940719
0.6079527230987664
0.5805477264693689
0.5470185966737164
0.5032728748428886
0.5251473619818705
0.5425390734895443
0.5730118113021755
0.5918726128915566
0.606520259905704
0.622095260349222
0.6396252074888403
0.6527006456867841
0.6646488691865887
0.6762646515678935
0.6821069528928678
0.6863626712021409
0.6841001345285204
0.677010663610602
0.6744677296144491
0.6743479829520025
0.6840407771099571
0.6882633020929906
0.6831004313446072
0.6688488582990116
0.6615253499432802
0.6566367024700741
0.6615312032407205
0.6673547906465291
0.6690028270656566
0.6714791817950807
0.6727398944719132
0.6657674667264902
0.6583094054112774
0.6560515971882753
0.6568117861429493
0.651366727028408
0.6451666688821042
0.6524519779918156
0.6579919230836712
0.6673789528760008
0.6671346948137005
0.6687738380392748
0.669369215947073
0.6665062422632044
0.6596998432895103
0.6641882320739428
0.6664485247980463
0.6393119286466042
0.6257815201657528
0.613075368908486
0.6019760563068518
0.5840491282571264
0.6045171839254799
0.6036585424315967
0.6111979374046302
0.6046262769914417
0.6139387966352046
0.6324161649903524
0.649656407032651
0.652971682304983
0.6622262914200003
0.6716807785270875
0.6804235858659755
0.6858421326876325
0.6870050543652856
0.6827029336939507
0.6726356941884898
0.6682581090484742
0.6678439882155388
0.6636461664369208
0.6273170342561466
0.6091659693791631
0.5814280821299993
0.5569380352373288
0.5738283855277533
0.5994945538666965
0.6257229040320637
0.6457023902692544
0.6539164441549254
0.6693714221983551
0.6812945019769285
0.685703207819594
0.6875242468022795
0.6878245445609175
0.6906520340484836
0.6937498710050563
0.6944684975200569
0.6913437288666063
0.6835658248548839
0.6833140364540367
0.677898935104255
0.6753263895921654
0.6725820684115227
0.6676787713282893
0.6643206342471789
0.6601211831563371
0.6511270573180548
0.6514093973192158
0.6546004735898985
0.6537349089160998
0.6538936934808799
0.6561096756551733
0.6571616207313652
0.6629992721271605
0.6665336481605433
0.6600629003192996
0.6375967760635068
0.6441795550439747
0.6462585304527849
0.6462207887702245
0.6505347501877154
0.6571055977025041
0.6655885261248279
0.6727050706837275
0.6799482368206035
0.6863543470601443
0.6895510866927905
0.6911732644772385
0.6923705416709337
0.6936530685173777
0.6945492004529236
0.6963864133018367
0.7001029776004325
0.702280426883914
0.6969652938184598
0.6915334488171382
0.6717835583215985
0.6563348140724555
0.6399858462946435
0.6259566452354013
0.6066895124483267
0.5791391845231918
0.548143416538744
0.5051424341105172
0.4664957348262042
0.4759332755505652
0.5261169326290017
0.4978554865767942
0.5012281111356184
0.5023737427203039
0.5228805520305968
0.5553459683834516
0.5936089956704487
0.6060405025715414
0.6281935937249011
0.642903901302298
0.6556663829591264
0.6671765702434369
0.6713113653545757
0.6719734706406583
0.6754122886258161
