1.797693134862316e+308
1.797693134862316e+308
1.797693134862316e+308
1.797693134862316e+308
1.797693134862316e+308
1.797693134862316e+308
1.797693134862316e+308
1.797693134862316e+308
1.797693134862316e+308
1.797693134862316e+308
1.797693134862316e+308
1.797693134862316e+308
1.797693134862316e+308
1.797693134862316e+308
1.797693134862316e+308
1.797693134862316e+308
1.797693134862316e+308
1.797693134862316e+308
1.797693134862316e+308
1.797693134862316e+308
1.797693134862316e+308
1.797693134862316e+308
1.797693134862316e+308
1.797693134862316e+308
1.797693134862316e+308
1.797693134862316e+308
1.797693134862316e+308
1.797693134862316e+308
1.797693134862316e+308
1.797693134862316e+308
1.797693134862316e+308
1.797693134862316e+308
1.797693134862316e+308
1.797693134862316e+308
1.797693134862316e+308
1.38225
1.38225
1.38225
1.38225
1.38225
1.797693134862316e+308
1.797693134862316e+308
1.797693134862316e+308
1.797693134862316e+308
1.797693134862316e+308
1.797693134862316e+308
1.797693134862316e+308
1.797693134862316e+308
1.797693134862316e+308
1.797693134862316e+308
1.797693134862316e+308
1.797693134862316e+308
1.797693134862316e+308
1.797693134862316e+308
1.797693134862316e+308
1.797693134862316e+308
1.797693134862316e+308
1.797693134862316e+308
1.797693134862316e+308
1.797693134862316e+308
1.38225
1.38225
1.38225
1.38225
1.38225
1.797693134862316e+308
1.797693134862316e+308
1.797693134862316e+308
1.797693134862316e+308
1.797693134862316e+308
1.797693134862316e+308
1.797693134862316e+308
1.797693134862316e+308
1.797693134862316e+308
1.797693134862316e+308
1.797693134862316e+308
1.797693134862316e+308
1.797693134862316e+308
1.797693134862316e+308
1.797693134862316e+308
1.797693134862316e+308
1.797693134862316e+308
1.797693134862316e+308
1.797693134862316e+308
1.797693134862316e+308
1.797693134862316e+308
1.797693134862316e+308
1.797693134862316e+308
1.797693134862316e+308
1.797693134862316e+308
1.797693134862316e+308
1.797693134862316e+308
1.797693134862316e+308
1.797693134862316e+308
1.797693134862316e+308
1.38214
1.38214
1.38214
1.38214
1.38214
1.797693134862316e+308
1.797693134862316e+308
1.797693134862316e+308
1.797693134862316e+308
1.797693134862316e+308
1.797693134862316e+308
1.797693134862316e+308
1.797693134862316e+308
1.797693134862316e+308
1.797693134862316e+308
1.797693134862316e+308
1.797693134862316e+308
1.797693134862316e+308
1.797693134862316e+308
1.797693134862316e+308
1.797693134862316e+308
1.797693134862316e+308
1.797693134862316e+308
1.797693134862316e+308
1.797693134862316e+308
1.797693134862316e+308
1.797693134862316e+308
1.797693134862316e+308
1.797693134862316e+308
1.797693134862316e+308
1.797693134862316e+308
1.797693134862316e+308
1.797693134862316e+308
1.797693134862316e+308
1.797693134862316e+308
1.797693134862316e+308
1.797693134862316e+308
1.797693134862316e+308
1.797693134862316e+308
1.797693134862316e+308
1.797693134862316e+308
1.797693134862316e+308
1.797693134862316e+308
1.797693134862316e+308
1.797693134862316e+308
1.797693134862316e+308
1.797693134862316e+308
1.797693134862316e+308
1.797693134862316e+308
1.797693134862316e+308
1.38217
1.38217
1.38217
1.38217
1.38217
1.797693134862316e+308
1.797693134862316e+308
1.797693134862316e+308
1.797693134862316e+308
1.797693134862316e+308
1.797693134862316e+308
1.797693134862316e+308
1.797693134862316e+308
1.797693134862316e+308
1.797693134862316e+308
1.797693134862316e+308
1.797693134862316e+308
1.797693134862316e+308
1.797693134862316e+308
1.797693134862316e+308
1.797693134862316e+308
1.797693134862316e+308
1.797693134862316e+308
1.797693134862316e+308
1.797693134862316e+308
1.797693134862316e+308
1.797693134862316e+308
1.797693134862316e+308
1.797693134862316e+308
1.797693134862316e+308
1.38338
1.38338
1.38338
1.38338
1.38338
1.797693134862316e+308
1.797693134862316e+308
1.797693134862316e+308
1.797693134862316e+308
1.797693134862316e+308
1.797693134862316e+308
1.797693134862316e+308
1.797693134862316e+308
1.797693134862316e+308
1.797693134862316e+308
1.797693134862316e+308
1.797693134862316e+308
1.797693134862316e+308
1.797693134862316e+308
1.797693134862316e+308
1.797693134862316e+308
1.797693134862316e+308
1.797693134862316e+308
1.797693134862316e+308
1.797693134862316e+308
1.797693134862316e+308
1.797693134862316e+308
1.797693134862316e+308
1.797693134862316e+308
1.797693134862316e+308
1.797693134862316e+308
1.797693134862316e+308
1.797693134862316e+308
1.797693134862316e+308
1.797693134862316e+308
1.797693134862316e+308
1.797693134862316e+308
1.797693134862316e+308
1.797693134862316e+308
1.797693134862316e+308
1.797693134862316e+308
1.797693134862316e+308
1.797693134862316e+308
1.797693134862316e+308
1.797693134862316e+308
1.797693134862316e+308
1.797693134862316e+308
1.797693134862316e+308
1.797693134862316e+308
1.797693134862316e+308
1.797693134862316e+308
1.797693134862316e+308
1.797693134862316e+308
1.797693134862316e+308
1.797693134862316e+308
1.38556
1.38556
1.38556
1.38556
1.38556
1.797693134862316e+308
1.797693134862316e+308
1.797693134862316e+308
1.797693134862316e+308
1.797693134862316e+308
1.797693134862316e+308
1.797693134862316e+308
1.797693134862316e+308
1.797693134862316e+308
1.797693134862316e+308
1.797693134862316e+308
1.797693134862316e+308
1.797693134862316e+308
1.797693134862316e+308
1.797693134862316e+308
1.797693134862316e+308
1.797693134862316e+308
1.797693134862316e+308
1.797693134862316e+308
1.797693134862316e+308
1.38536
1.38536
1.38536
1.38536
1.38536
1.797693134862316e+308
1.797693134862316e+308
1.797693134862316e+308
1.797693134862316e+308
1.797693134862316e+308
1.797693134862316e+308
1.797693134862316e+308
1.797693134862316e+308
1.797693134862316e+308
1.797693134862316e+308
1.3854
1.3854
1.3854
1.3854
1.3854
1.797693134862316e+308
1.797693134862316e+308
1.797693134862316e+308
1.797693134862316e+308
1.797693134862316e+308
1.797693134862316e+308
1.797693134862316e+308
1.797693134862316e+308
1.797693134862316e+308
1.797693134862316e+308
1.797693134862316e+308
1.797693134862316e+308
1.797693134862316e+308
1.797693134862316e+308
1.797693134862316e+308
1.797693134862316e+308
1.797693134862316e+308
1.797693134862316e+308
1.797693134862316e+308
1.797693134862316e+308
1.797693134862316e+308
1.797693134862316e+308
1.797693134862316e+308
1.797693134862316e+308
1.797693134862316e+308
1.797693134862316e+308
1.797693134862316e+308
1.797693134862316e+308
1.797693134862316e+308
1.797693134862316e+308
1.38455
1.38455
1.38455
1.38455
1.38455
1.797693134862316e+308
1.797693134862316e+308
1.797693134862316e+308
1.797693134862316e+308
1.797693134862316e+308
1.797693134862316e+308
1.797693134862316e+308
1.797693134862316e+308
1.797693134862316e+308
1.797693134862316e+308
1.797693134862316e+308
1.797693134862316e+308
1.797693134862316e+308
1.797693134862316e+308
1.797693134862316e+308
1.797693134862316e+308
1.797693134862316e+308
1.797693134862316e+308
1.797693134862316e+308
1.797693134862316e+308
1.797693134862316e+308
1.797693134862316e+308
1.797693134862316e+308
1.797693134862316e+308
1.797693134862316e+308
1.797693134862316e+308
1.797693134862316e+308
1.797693134862316e+308
1.797693134862316e+308
1.797693134862316e+308
1.797693134862316e+308
1.797693134862316e+308
1.797693134862316e+308
1.797693134862316e+308
1.797693134862316e+308
1.38484
1.38484
1.38484
1.38484
1.38484
1.797693134862316e+308
1.797693134862316e+308
1.797693134862316e+308
1.797693134862316e+308
1.797693134862316e+308
1.797693134862316e+308
1.797693134862316e+308
1.797693134862316e+308
1.797693134862316e+308
1.797693134862316e+308
1.797693134862316e+308
1.797693134862316e+308
1.797693134862316e+308
1.797693134862316e+308
1.797693134862316e+308
1.797693134862316e+308
1.797693134862316e+308
1.797693134862316e+308
1.797693134862316e+308
1.797693134862316e+308
1.797693134862316e+308
1.797693134862316e+308
1.797693134862316e+308
1.797693134862316e+308
1.797693134862316e+308
1.797693134862316e+308
1.797693134862316e+308
1.797693134862316e+308
1.797693134862316e+308
1.797693134862316e+308
1.797693134862316e+308
1.797693134862316e+308
1.797693134862316e+308
1.797693134862316e+308
1.797693134862316e+308
1.38512
1.38512
1.38512
1.38512
1.38512
1.797693134862316e+308
1.797693134862316e+308
1.797693134862316e+308
1.797693134862316e+308
1.797693134862316e+308
1.797693134862316e+308
1.797693134862316e+308
1.797693134862316e+308
1.797693134862316e+308
1.797693134862316e+308
1.797693134862316e+308
1.797693134862316e+308
1.797693134862316e+308
1.797693134862316e+308
1.797693134862316e+308
1.797693134862316e+308
1.797693134862316e+308
1.797693134862316e+308
1.797693134862316e+308
1.797693134862316e+308
1.797693134862316e+308
1.797693134862316e+308
1.797693134862316e+308
1.797693134862316e+308
1.797693134862316e+308
1.797693134862316e+308
1.797693134862316e+308
1.797693134862316e+308
1.797693134862316e+308
1.797693134862316e+308
1.797693134862316e+308
1.797693134862316e+308
1.797693134862316e+308
1.797693134862316e+308
1.797693134862316e+308
1.797693134862316e+308
1.797693134862316e+308
1.797693134862316e+308
1.797693134862316e+308
1.797693134862316e+308
1.797693134862316e+308
1.797693134862316e+308
1.797693134862316e+308
1.797693134862316e+308
1.797693134862316e+308
1.797693134862316e+308
1.797693134862316e+308
1.797693134862316e+308
1.797693134862316e+308
1.797693134862316e+308
1.38385
1.38385
1.38385
1.38385
1.38385
1.797693134862316e+308
1.797693134862316e+308
1.797693134862316e+308
1.797693134862316e+308
1.797693134862316e+308
1.797693134862316e+308
1.797693134862316e+308
1.797693134862316e+308
1.797693134862316e+308
1.797693134862316e+308
1.797693134862316e+308
1.797693134862316e+308
1.797693134862316e+308
1.797693134862316e+308
1.797693134862316e+308
1.797693134862316e+308
1.797693134862316e+308
1.797693134862316e+308
1.797693134862316e+308
1.797693134862316e+308
1.797693134862316e+308
1.797693134862316e+308
1.797693134862316e+308
1.797693134862316e+308
1.797693134862316e+308
1.797693134862316e+308
1.797693134862316e+308
1.797693134862316e+308
1.797693134862316e+308
1.797693134862316e+308
1.797693134862316e+308
1.797693134862316e+308
1.797693134862316e+308
1.797693134862316e+308
1.797693134862316e+308
1.797693134862316e+308
1.797693134862316e+308
1.797693134862316e+308
1.797693134862316e+308
1.797693134862316e+308
1.3841
1.3841
1.3841
1.3841
1.3841
1.797693134862316e+308
1.797693134862316e+308
1.797693134862316e+308
1.797693134862316e+308
1.797693134862316e+308
1.797693134862316e+308
1.797693134862316e+308
1.797693134862316e+308
1.797693134862316e+308
1.797693134862316e+308
1.797693134862316e+308
1.797693134862316e+308
1.797693134862316e+308
1.797693134862316e+308
1.797693134862316e+308
1.797693134862316e+308
1.797693134862316e+308
1.797693134862316e+308
1.797693134862316e+308
1.797693134862316e+308
1.797693134862316e+308
1.797693134862316e+308
1.797693134862316e+308
1.797693134862316e+308
1.797693134862316e+308
1.797693134862316e+308
1.797693134862316e+308
1.797693134862316e+308
1.797693134862316e+308
1.797693134862316e+308
1.797693134862316e+308
1.797693134862316e+308
1.797693134862316e+308
1.797693134862316e+308
1.797693134862316e+308
1.38512
1.38512
1.38512
1.38512
1.38512
1.797693134862316e+308
1.797693134862316e+308
1.797693134862316e+308
1.797693134862316e+308
1.797693134862316e+308
1.797693134862316e+308
1.797693134862316e+308
1.797693134862316e+308
1.797693134862316e+308
1.797693134862316e+308
1.797693134862316e+308
1.797693134862316e+308
1.797693134862316e+308
1.797693134862316e+308
1.797693134862316e+308
1.797693134862316e+308
1.797693134862316e+308
1.797693134862316e+308
1.797693134862316e+308
1.797693134862316e+308
1.797693134862316e+308
1.797693134862316e+308
1.797693134862316e+308
1.797693134862316e+308
1.797693134862316e+308
1.3858
1.3858
1.3858
1.3858
1.3858
1.797693134862316e+308
1.797693134862316e+308
1.797693134862316e+308
1.797693134862316e+308
1.797693134862316e+308
1.797693134862316e+308
1.797693134862316e+308
1.797693134862316e+308
1.797693134862316e+308
1.797693134862316e+308
1.797693134862316e+308
1.797693134862316e+308
1.797693134862316e+308
1.797693134862316e+308
1.797693134862316e+308
1.38655
1.38655
1.38655
1.38655
1.38655
1.797693134862316e+308
1.797693134862316e+308
1.797693134862316e+308
1.797693134862316e+308
1.797693134862316e+308
1.797693134862316e+308
1.797693134862316e+308
1.797693134862316e+308
1.797693134862316e+308
1.797693134862316e+308
1.797693134862316e+308
1.797693134862316e+308
1.797693134862316e+308
1.797693134862316e+308
1.797693134862316e+308
1.797693134862316e+308
1.797693134862316e+308
1.797693134862316e+308
1.797693134862316e+308
1.797693134862316e+308
1.797693134862316e+308
1.797693134862316e+308
1.797693134862316e+308
1.797693134862316e+308
1.797693134862316e+308
1.797693134862316e+308
1.797693134862316e+308
1.797693134862316e+308
1.797693134862316e+308
1.797693134862316e+308
1.797693134862316e+308
1.797693134862316e+308
1.797693134862316e+308
1.797693134862316e+308
1.797693134862316e+308
1.38622
1.38622
1.38622
1.38622
1.38622
1.797693134862316e+308
1.797693134862316e+308
1.797693134862316e+308
1.797693134862316e+308
1.797693134862316e+308
1.797693134862316e+308
1.797693134862316e+308
1.797693134862316e+308
1.797693134862316e+308
1.797693134862316e+308
1.797693134862316e+308
1.797693134862316e+308
1.797693134862316e+308
1.797693134862316e+308
1.797693134862316e+308
1.797693134862316e+308
1.797693134862316e+308
1.797693134862316e+308
1.797693134862316e+308
1.797693134862316e+308
1.797693134862316e+308
1.797693134862316e+308
1.797693134862316e+308
1.797693134862316e+308
1.797693134862316e+308
1.38562
1.38562
1.38562
1.38562
1.38562
1.797693134862316e+308
1.797693134862316e+308
1.797693134862316e+308
1.797693134862316e+308
1.797693134862316e+308
1.797693134862316e+308
1.797693134862316e+308
1.797693134862316e+308
1.797693134862316e+308
1.797693134862316e+308
1.797693134862316e+308
1.797693134862316e+308
1.797693134862316e+308
1.797693134862316e+308
1.797693134862316e+308
1.797693134862316e+308
1.797693134862316e+308
1.797693134862316e+308
1.797693134862316e+308
1.797693134862316e+308
1.797693134862316e+308
1.797693134862316e+308
1.797693134862316e+308
1.797693134862316e+308
1.797693134862316e+308
1.38484
1.38484
1.38484
1.38484
1.38484
1.797693134862316e+308
1.797693134862316e+308
1.797693134862316e+308
1.797693134862316e+308
1.797693134862316e+308
1.797693134862316e+308
1.797693134862316e+308
1.797693134862316e+308
1.797693134862316e+308
1.797693134862316e+308
1.797693134862316e+308
1.797693134862316e+308
1.797693134862316e+308
1.797693134862316e+308
1.797693134862316e+308
1.797693134862316e+308
1.797693134862316e+308
1.797693134862316e+308
1.797693134862316e+308
1.797693134862316e+308
1.38485
1.38485
1.38485
1.38485
1.38485
1.797693134862316e+308
1.797693134862316e+308
1.797693134862316e+308
1.797693134862316e+308
1.797693134862316e+308
1.797693134862316e+308
1.797693134862316e+308
1.797693134862316e+308
1.797693134862316e+308
1.797693134862316e+308
1.797693134862316e+308
1.797693134862316e+308
1.797693134862316e+308
1.797693134862316e+308
1.797693134862316e+308
1.797693134862316e+308
1.797693134862316e+308
1.797693134862316e+308
1.797693134862316e+308
1.797693134862316e+308
1.38503
1.38503
1.38503
1.38503
1.38503
1.797693134862316e+308
1.797693134862316e+308
1.797693134862316e+308
1.797693134862316e+308
1.797693134862316e+308
1.797693134862316e+308
1.797693134862316e+308
1.797693134862316e+308
1.797693134862316e+308
1.797693134862316e+308
1.797693134862316e+308
1.797693134862316e+308
1.797693134862316e+308
1.797693134862316e+308
1.797693134862316e+308
1.797693134862316e+308
1.797693134862316e+308
1.797693134862316e+308
1.797693134862316e+308
1.797693134862316e+308
1.797693134862316e+308
1.797693134862316e+308
1.797693134862316e+308
1.797693134862316e+308
1.797693134862316e+308
1.3846
1.3846
1.3846
1.3846
1.3846
1.797693134862316e+308
1.797693134862316e+308
1.797693134862316e+308
1.797693134862316e+308
1.797693134862316e+308
1.797693134862316e+308
1.797693134862316e+308
1.797693134862316e+308
1.797693134862316e+308
1.797693134862316e+308
1.797693134862316e+308
1.797693134862316e+308
1.797693134862316e+308
1.797693134862316e+308
1.797693134862316e+308
1.797693134862316e+308
1.797693134862316e+308
1.797693134862316e+308
1.797693134862316e+308
1.797693134862316e+308
1.797693134862316e+308
1.797693134862316e+308
1.797693134862316e+308
1.797693134862316e+308
1.797693134862316e+308
1.797693134862316e+308
1.797693134862316e+308
1.797693134862316e+308
1.797693134862316e+308
1.797693134862316e+308
1.797693134862316e+308
1.797693134862316e+308
1.797693134862316e+308
1.797693134862316e+308
1.797693134862316e+308
1.38527
1.38527
1.38527
1.38527
1.38527
1.797693134862316e+308
1.797693134862316e+308
1.797693134862316e+308
1.797693134862316e+308
1.797693134862316e+308
1.797693134862316e+308
1.797693134862316e+308
1.797693134862316e+308
1.797693134862316e+308
1.797693134862316e+308
1.38526
1.38526
1.38526
1.38526
1.38526
1.797693134862316e+308
1.797693134862316e+308
1.797693134862316e+308
1.797693134862316e+308
1.797693134862316e+308
1.797693134862316e+308
1.797693134862316e+308
1.797693134862316e+308
1.797693134862316e+308
1.797693134862316e+308
1.797693134862316e+308
1.797693134862316e+308
1.797693134862316e+308
1.797693134862316e+308
1.797693134862316e+308
1.797693134862316e+308
1.797693134862316e+308
1.797693134862316e+308
1.797693134862316e+308
1.797693134862316e+308
1.797693134862316e+308
1.797693134862316e+308
1.797693134862316e+308
1.797693134862316e+308
1.797693134862316e+308
1.797693134862316e+308
1.797693134862316e+308
1.797693134862316e+308
1.797693134862316e+308
1.797693134862316e+308
1.797693134862316e+308
1.797693134862316e+308
1.797693134862316e+308
1.797693134862316e+308
1.797693134862316e+308
1.797693134862316e+308
1.797693134862316e+308
1.797693134862316e+308
1.797693134862316e+308
1.797693134862316e+308
1.797693134862316e+308
1.797693134862316e+308
1.797693134862316e+308
1.797693134862316e+308
1.797693134862316e+308
1.797693134862316e+308
1.797693134862316e+308
1.797693134862316e+308
1.797693134862316e+308
1.797693134862316e+308
1.797693134862316e+308
1.797693134862316e+308
1.797693134862316e+308
1.797693134862316e+308
1.797693134862316e+308
1.797693134862316e+308
1.797693134862316e+308
1.797693134862316e+308
1.797693134862316e+308
1.797693134862316e+308
1.797693134862316e+308
1.797693134862316e+308
1.797693134862316e+308
1.797693134862316e+308
1.797693134862316e+308
1.797693134862316e+308
1.797693134862316e+308
1.797693134862316e+308
1.797693134862316e+308
1.797693134862316e+308
1.797693134862316e+308
1.797693134862316e+308
1.797693134862316e+308
1.797693134862316e+308
1.797693134862316e+308
1.38299
1.38299
1.38299
1.38299
1.38299
1.797693134862316e+308
1.797693134862316e+308
1.797693134862316e+308
1.797693134862316e+308
1.797693134862316e+308
1.797693134862316e+308
1.797693134862316e+308
1.797693134862316e+308
1.797693134862316e+308
1.797693134862316e+308
1.797693134862316e+308
1.797693134862316e+308
1.797693134862316e+308
1.797693134862316e+308
1.797693134862316e+308
1.797693134862316e+308
1.797693134862316e+308
1.38011
1.38011
1.38011
1.38011
1.38011
1.797693134862316e+308
1.797693134862316e+308
1.797693134862316e+308
1.797693134862316e+308
1.797693134862316e+308
1.797693134862316e+308
1.797693134862316e+308
1.797693134862316e+308
1.797693134862316e+308
1.797693134862316e+308
1.797693134862316e+308
1.797693134862316e+308
1.797693134862316e+308
1.797693134862316e+308
1.797693134862316e+308
1.3798
1.3798
1.3798
1.3798
1.3798
1.797693134862316e+308
1.797693134862316e+308
1.797693134862316e+308
1.797693134862316e+308
1.797693134862316e+308
1.797693134862316e+308
1.797693134862316e+308
1.797693134862316e+308
1.797693134862316e+308
1.797693134862316e+308
1.797693134862316e+308
1.797693134862316e+308
1.797693134862316e+308
1.797693134862316e+308
1.797693134862316e+308
1.37989
1.37989
1.37989
1.37989
1.37989
1.797693134862316e+308
1.797693134862316e+308
1.797693134862316e+308
1.797693134862316e+308
1.797693134862316e+308
1.797693134862316e+308
1.797693134862316e+308
1.797693134862316e+308
1.797693134862316e+308
1.797693134862316e+308
1.797693134862316e+308
1.797693134862316e+308
1.797693134862316e+308
1.797693134862316e+308
1.797693134862316e+308
1.797693134862316e+308
1.797693134862316e+308
1.797693134862316e+308
1.797693134862316e+308
1.797693134862316e+308
1.38002
1.38002
1.38002
1.38002
1.38002
1.797693134862316e+308
1.797693134862316e+308
1.797693134862316e+308
1.797693134862316e+308
1.797693134862316e+308
1.797693134862316e+308
1.797693134862316e+308
1.797693134862316e+308
1.797693134862316e+308
1.797693134862316e+308
1.797693134862316e+308
1.797693134862316e+308
1.797693134862316e+308
1.797693134862316e+308
1.797693134862316e+308
1.797693134862316e+308
1.797693134862316e+308
1.797693134862316e+308
1.797693134862316e+308
1.797693134862316e+308
1.38009
1.38009
1.38009
1.38009
1.38009
1.797693134862316e+308
1.797693134862316e+308
1.797693134862316e+308
1.797693134862316e+308
1.797693134862316e+308
1.797693134862316e+308
1.797693134862316e+308
1.797693134862316e+308
1.797693134862316e+308
1.797693134862316e+308
1.797693134862316e+308
1.797693134862316e+308
1.797693134862316e+308
1.797693134862316e+308
1.797693134862316e+308
1.797693134862316e+308
1.797693134862316e+308
1.797693134862316e+308
1.797693134862316e+308
1.797693134862316e+308
1.797693134862316e+308
1.797693134862316e+308
1.797693134862316e+308
1.797693134862316e+308
1.797693134862316e+308
1.797693134862316e+308
1.797693134862316e+308
1.797693134862316e+308
1.797693134862316e+308
1.797693134862316e+308
1.797693134862316e+308
1.797693134862316e+308
1.797693134862316e+308
1.797693134862316e+308
1.797693134862316e+308
1.38067
1.38067
1.38067
1.38067
1.38067
1.797693134862316e+308
1.797693134862316e+308
1.797693134862316e+308
1.797693134862316e+308
1.797693134862316e+308
1.797693134862316e+308
1.797693134862316e+308
1.797693134862316e+308
1.797693134862316e+308
1.797693134862316e+308
1.797693134862316e+308
1.797693134862316e+308
1.797693134862316e+308
1.797693134862316e+308
1.797693134862316e+308
1.797693134862316e+308
1.797693134862316e+308
1.797693134862316e+308
1.797693134862316e+308
1.797693134862316e+308
1.797693134862316e+308
1.797693134862316e+308
1.797693134862316e+308
1.797693134862316e+308
1.797693134862316e+308
1.37978
1.37978
1.37978
1.37978
1.37978
1.797693134862316e+308
1.797693134862316e+308
1.797693134862316e+308
1.797693134862316e+308
1.797693134862316e+308
1.797693134862316e+308
1.797693134862316e+308
1.797693134862316e+308
1.797693134862316e+308
1.797693134862316e+308
1.797693134862316e+308
1.797693134862316e+308
1.797693134862316e+308
1.797693134862316e+308
1.797693134862316e+308
1.797693134862316e+308
1.797693134862316e+308
1.797693134862316e+308
1.797693134862316e+308
1.797693134862316e+308
1.797693134862316e+308
1.797693134862316e+308
1.797693134862316e+308
1.797693134862316e+308
1.797693134862316e+308
1.797693134862316e+308
1.797693134862316e+308
1.797693134862316e+308
1.797693134862316e+308
1.797693134862316e+308
1.797693134862316e+308
1.797693134862316e+308
1.797693134862316e+308
1.797693134862316e+308
1.797693134862316e+308
1.797693134862316e+308
1.797693134862316e+308
1.797693134862316e+308
1.797693134862316e+308
1.797693134862316e+308
1.797693134862316e+308
1.797693134862316e+308
1.797693134862316e+308
1.797693134862316e+308
1.797693134862316e+308
1.797693134862316e+308
1.797693134862316e+308
1.797693134862316e+308
1.797693134862316e+308
1.797693134862316e+308
1.37899
1.37899
1.37899
1.37899
1.37899
1.797693134862316e+308
1.797693134862316e+308
1.797693134862316e+308
1.797693134862316e+308
1.797693134862316e+308
1.797693134862316e+308
1.797693134862316e+308
1.797693134862316e+308
1.797693134862316e+308
1.797693134862316e+308
1.797693134862316e+308
1.797693134862316e+308
1.797693134862316e+308
1.797693134862316e+308
1.797693134862316e+308
1.797693134862316e+308
1.797693134862316e+308
1.797693134862316e+308
1.797693134862316e+308
1.797693134862316e+308
1.797693134862316e+308
1.797693134862316e+308
1.797693134862316e+308
1.797693134862316e+308
1.797693134862316e+308
1.797693134862316e+308
1.797693134862316e+308
1.797693134862316e+308
1.797693134862316e+308
1.797693134862316e+308
1.37891
1.37891
1.37891
1.37891
1.37891
1.797693134862316e+308
1.797693134862316e+308
1.797693134862316e+308
1.797693134862316e+308
1.797693134862316e+308
1.797693134862316e+308
1.797693134862316e+308
1.797693134862316e+308
1.797693134862316e+308
1.797693134862316e+308
1.797693134862316e+308
1.797693134862316e+308
1.797693134862316e+308
1.797693134862316e+308
1.797693134862316e+308
1.797693134862316e+308
1.797693134862316e+308
1.797693134862316e+308
1.797693134862316e+308
1.797693134862316e+308
1.797693134862316e+308
1.797693134862316e+308
1.797693134862316e+308
1.797693134862316e+308
1.797693134862316e+308
1.797693134862316e+308
1.797693134862316e+308
1.797693134862316e+308
1.797693134862316e+308
1.797693134862316e+308
1.37997
1.37997
1.37997
1.37997
1.37997
1.797693134862316e+308
1.797693134862316e+308
1.797693134862316e+308
1.797693134862316e+308
1.797693134862316e+308
1.797693134862316e+308
1.797693134862316e+308
1.797693134862316e+308
1.797693134862316e+308
1.797693134862316e+308
1.797693134862316e+308
1.797693134862316e+308
1.797693134862316e+308
1.797693134862316e+308
1.797693134862316e+308
1.37931
1.37931
1.37931
1.37931
1.37931
1.797693134862316e+308
1.797693134862316e+308
1.797693134862316e+308
1.797693134862316e+308
1.797693134862316e+308
1.797693134862316e+308
1.797693134862316e+308
1.797693134862316e+308
1.797693134862316e+308
1.797693134862316e+308
1.797693134862316e+308
1.797693134862316e+308
1.797693134862316e+308
1.797693134862316e+308
1.797693134862316e+308
1.797693134862316e+308
1.797693134862316e+308
1.797693134862316e+308
1.797693134862316e+308
1.797693134862316e+308
1.797693134862316e+308
1.797693134862316e+308
1.797693134862316e+308
1.797693134862316e+308
1.797693134862316e+308
1.797693134862316e+308
1.797693134862316e+308
1.797693134862316e+308
1.797693134862316e+308
1.797693134862316e+308
1.37868
1.37868
1.37868
1.37868
1.37868
1.797693134862316e+308
1.797693134862316e+308
1.797693134862316e+308
1.797693134862316e+308
1.797693134862316e+308
1.797693134862316e+308
1.797693134862316e+308
1.797693134862316e+308
1.797693134862316e+308
1.797693134862316e+308
1.797693134862316e+308
1.797693134862316e+308
1.797693134862316e+308
1.797693134862316e+308
1.797693134862316e+308
1.797693134862316e+308
1.797693134862316e+308
1.797693134862316e+308
1.797693134862316e+308
1.797693134862316e+308
1.797693134862316e+308
1.797693134862316e+308
1.797693134862316e+308
1.797693134862316e+308
1.797693134862316e+308
1.797693134862316e+308
1.797693134862316e+308
1.797693134862316e+308
1.797693134862316e+308
1.797693134862316e+308
1.797693134862316e+308
1.797693134862316e+308
1.797693134862316e+308
1.797693134862316e+308
1.797693134862316e+308
1.797693134862316e+308
1.797693134862316e+308
1.797693134862316e+308
1.797693134862316e+308
1.797693134862316e+308
1.797693134862316e+308
1.797693134862316e+308
1.797693134862316e+308
1.797693134862316e+308
1.797693134862316e+308
1.797693134862316e+308
1.797693134862316e+308
1.797693134862316e+308
1.797693134862316e+308
1.797693134862316e+308
1.797693134862316e+308
1.797693134862316e+308
1.797693134862316e+308
1.797693134862316e+308
1.797693134862316e+308
1.797693134862316e+308
1.797693134862316e+308
1.797693134862316e+308
1.797693134862316e+308
1.797693134862316e+308
1.797693134862316e+308
1.797693134862316e+308
1.797693134862316e+308
1.797693134862316e+308
1.797693134862316e+308
1.797693134862316e+308
1.797693134862316e+308
1.797693134862316e+308
1.797693134862316e+308
1.797693134862316e+308
1.797693134862316e+308
1.797693134862316e+308
1.797693134862316e+308
1.797693134862316e+308
1.797693134862316e+308
1.797693134862316e+308
1.797693134862316e+308
1.797693134862316e+308
1.797693134862316e+308
1.797693134862316e+308
1.38102
1.38102
1.38102
1.38102
1.38102
1.797693134862316e+308
1.797693134862316e+308
1.797693134862316e+308
1.797693134862316e+308
1.797693134862316e+308
1.797693134862316e+308
1.797693134862316e+308
1.797693134862316e+308
1.797693134862316e+308
1.797693134862316e+308
1.797693134862316e+308
1.797693134862316e+308
1.797693134862316e+308
1.797693134862316e+308
1.797693134862316e+308
1.797693134862316e+308
1.797693134862316e+308
1.797693134862316e+308
1.797693134862316e+308
1.797693134862316e+308
1.797693134862316e+308
1.797693134862316e+308
1.797693134862316e+308
1.797693134862316e+308
1.797693134862316e+308
1.38016
1.38016
1.38016
1.38016
1.38016
1.797693134862316e+308
1.797693134862316e+308
1.797693134862316e+308
1.797693134862316e+308
1.797693134862316e+308
1.797693134862316e+308
1.797693134862316e+308
1.797693134862316e+308
1.797693134862316e+308
1.797693134862316e+308
1.797693134862316e+308
1.797693134862316e+308
1.797693134862316e+308
1.797693134862316e+308
1.797693134862316e+308
1.797693134862316e+308
1.797693134862316e+308
1.797693134862316e+308
1.797693134862316e+308
1.797693134862316e+308
1.797693134862316e+308
1.797693134862316e+308
1.797693134862316e+308
1.797693134862316e+308
1.797693134862316e+308
1.797693134862316e+308
1.797693134862316e+308
1.797693134862316e+308
1.797693134862316e+308
1.797693134862316e+308
1.797693134862316e+308
1.797693134862316e+308
1.797693134862316e+308
1.797693134862316e+308
1.797693134862316e+308
1.38057
1.797693134862316e+308
1.38057
1.797693134862316e+308
1.797693134862316e+308
1.797693134862316e+308
1.797693134862316e+308
1.797693134862316e+308
1.797693134862316e+308
1.797693134862316e+308
1.797693134862316e+308
1.797693134862316e+308
1.797693134862316e+308
1.797693134862316e+308
1.797693134862316e+308
1.797693134862316e+308
1.797693134862316e+308
1.797693134862316e+308
1.797693134862316e+308
1.797693134862316e+308
1.38058
1.797693134862316e+308
1.38058
1.797693134862316e+308
1.38058
1.797693134862316e+308
1.38058
1.797693134862316e+308
1.38058
1.797693134862316e+308
1.797693134862316e+308
1.797693134862316e+308
1.797693134862316e+308
1.797693134862316e+308
1.797693134862316e+308
1.797693134862316e+308
1.797693134862316e+308
1.797693134862316e+308
1.797693134862316e+308
1.797693134862316e+308
1.797693134862316e+308
1.797693134862316e+308
1.797693134862316e+308
1.797693134862316e+308
1.797693134862316e+308
1.797693134862316e+308
1.797693134862316e+308
1.797693134862316e+308
1.797693134862316e+308
1.797693134862316e+308
1.797693134862316e+308
1.797693134862316e+308
1.797693134862316e+308
1.797693134862316e+308
1.797693134862316e+308
1.797693134862316e+308
1.797693134862316e+308
1.797693134862316e+308
1.797693134862316e+308
1.797693134862316e+308
1.797693134862316e+308
1.38058
1.797693134862316e+308
1.38058
1.797693134862316e+308
1.38058
1.797693134862316e+308
1.38058
1.797693134862316e+308
1.38058
1.797693134862316e+308
1.797693134862316e+308
1.797693134862316e+308
1.797693134862316e+308
1.797693134862316e+308
1.797693134862316e+308
1.797693134862316e+308
1.797693134862316e+308
1.797693134862316e+308
1.797693134862316e+308
1.797693134862316e+308
1.797693134862316e+308
1.797693134862316e+308
1.797693134862316e+308
1.797693134862316e+308
1.797693134862316e+308
1.797693134862316e+308
1.797693134862316e+308
1.797693134862316e+308
1.797693134862316e+308
1.38291
1.797693134862316e+308
1.38291
1.797693134862316e+308
1.38291
1.797693134862316e+308
1.38291
1.797693134862316e+308
1.38291
1.797693134862316e+308
1.797693134862316e+308
1.797693134862316e+308
1.797693134862316e+308
1.797693134862316e+308
1.797693134862316e+308
1.797693134862316e+308
1.797693134862316e+308
1.797693134862316e+308
1.797693134862316e+308
1.797693134862316e+308
1.797693134862316e+308
1.797693134862316e+308
1.797693134862316e+308
1.797693134862316e+308
1.797693134862316e+308
1.797693134862316e+308
1.797693134862316e+308
1.797693134862316e+308
1.797693134862316e+308
1.797693134862316e+308
1.38285
1.797693134862316e+308
1.38285
1.797693134862316e+308
1.38285
1.797693134862316e+308
1.38285
1.797693134862316e+308
1.38285
1.797693134862316e+308
1.797693134862316e+308
1.38291
1.797693134862316e+308
1.38291
1.797693134862316e+308
1.38291
1.797693134862316e+308
1.38291
1.797693134862316e+308
1.38291
1.797693134862316e+308
1.797693134862316e+308
1.797693134862316e+308
1.797693134862316e+308
1.797693134862316e+308
1.797693134862316e+308
1.797693134862316e+308
1.797693134862316e+308
1.797693134862316e+308
1.797693134862316e+308
1.797693134862316e+308
1.797693134862316e+308
1.797693134862316e+308
1.797693134862316e+308
1.797693134862316e+308
1.797693134862316e+308
1.797693134862316e+308
1.797693134862316e+308
1.797693134862316e+308
1.797693134862316e+308
1.797693134862316e+308
1.38285
1.797693134862316e+308
1.38285
1.797693134862316e+308
1.38285
1.797693134862316e+308
1.38285
1.797693134862316e+308
1.38285
1.797693134862316e+308
1.797693134862316e+308
1.797693134862316e+308
1.797693134862316e+308
1.797693134862316e+308
1.797693134862316e+308
1.797693134862316e+308
1.797693134862316e+308
1.797693134862316e+308
1.797693134862316e+308
1.797693134862316e+308
1.797693134862316e+308
1.797693134862316e+308
1.797693134862316e+308
1.797693134862316e+308
1.797693134862316e+308
1.797693134862316e+308
1.797693134862316e+308
1.797693134862316e+308
1.797693134862316e+308
1.38413
1.797693134862316e+308
1.797693134862316e+308
1.797693134862316e+308
1.797693134862316e+308
1.797693134862316e+308
1.797693134862316e+308
1.797693134862316e+308
1.797693134862316e+308
1.797693134862316e+308
1.797693134862316e+308
1.797693134862316e+308
1.797693134862316e+308
1.797693134862316e+308
1.797693134862316e+308
1.797693134862316e+308
1.797693134862316e+308
1.797693134862316e+308
1.797693134862316e+308
1.797693134862316e+308
1.797693134862316e+308
1.797693134862316e+308
1.797693134862316e+308
1.797693134862316e+308
1.797693134862316e+308
1.797693134862316e+308
1.797693134862316e+308
1.797693134862316e+308
1.797693134862316e+308
1.797693134862316e+308
1.38492
1.797693134862316e+308
1.38492
1.797693134862316e+308
1.38492
1.797693134862316e+308
1.38492
1.797693134862316e+308
1.38492
1.797693134862316e+308
1.797693134862316e+308
1.797693134862316e+308
1.797693134862316e+308
1.797693134862316e+308
1.797693134862316e+308
1.797693134862316e+308
1.797693134862316e+308
1.797693134862316e+308
1.797693134862316e+308
1.797693134862316e+308
1.797693134862316e+308
1.797693134862316e+308
1.797693134862316e+308
1.797693134862316e+308
1.797693134862316e+308
1.797693134862316e+308
1.797693134862316e+308
1.797693134862316e+308
1.797693134862316e+308
1.797693134862316e+308
1.797693134862316e+308
1.797693134862316e+308
1.797693134862316e+308
1.797693134862316e+308
1.797693134862316e+308
1.797693134862316e+308
1.38524
1.797693134862316e+308
1.38524
1.797693134862316e+308
1.38524
1.797693134862316e+308
1.38524
1.797693134862316e+308
1.38524
1.797693134862316e+308
1.797693134862316e+308
1.38492
1.797693134862316e+308
1.38492
1.797693134862316e+308
1.38492
1.797693134862316e+308
1.38492
1.797693134862316e+308
1.38492
1.797693134862316e+308
1.797693134862316e+308
1.797693134862316e+308
1.797693134862316e+308
1.797693134862316e+308
1.797693134862316e+308
1.797693134862316e+308
1.797693134862316e+308
1.797693134862316e+308
1.797693134862316e+308
1.797693134862316e+308
1.797693134862316e+308
1.797693134862316e+308
1.797693134862316e+308
1.797693134862316e+308
1.797693134862316e+308
1.797693134862316e+308
1.797693134862316e+308
1.797693134862316e+308
1.797693134862316e+308
1.38501
1.38524
1.38501
1.38524
1.38501
1.38524
1.38501
1.38524
1.38501
1.38524
1.797693134862316e+308
1.797693134862316e+308
1.797693134862316e+308
1.797693134862316e+308
1.797693134862316e+308
1.797693134862316e+308
1.797693134862316e+308
1.797693134862316e+308
1.797693134862316e+308
1.797693134862316e+308
1.797693134862316e+308
1.797693134862316e+308
1.797693134862316e+308
1.797693134862316e+308
1.797693134862316e+308
1.797693134862316e+308
1.797693134862316e+308
1.797693134862316e+308
1.797693134862316e+308
1.797693134862316e+308
1.797693134862316e+308
1.797693134862316e+308
1.797693134862316e+308
1.797693134862316e+308
1.797693134862316e+308
1.797693134862316e+308
1.797693134862316e+308
1.797693134862316e+308
1.797693134862316e+308
1.797693134862316e+308
1.797693134862316e+308
1.38501
1.797693134862316e+308
1.38501
1.797693134862316e+308
1.38501
1.797693134862316e+308
1.38501
1.797693134862316e+308
1.38501
1.797693134862316e+308
1.797693134862316e+308
1.797693134862316e+308
1.797693134862316e+308
1.797693134862316e+308
1.797693134862316e+308
1.797693134862316e+308
1.797693134862316e+308
1.797693134862316e+308
1.797693134862316e+308
1.38567
1.797693134862316e+308
1.38567
1.797693134862316e+308
1.797693134862316e+308
1.797693134862316e+308
1.797693134862316e+308
1.797693134862316e+308
1.797693134862316e+308
1.797693134862316e+308
1.797693134862316e+308
1.797693134862316e+308
1.797693134862316e+308
1.797693134862316e+308
1.797693134862316e+308
1.797693134862316e+308
1.797693134862316e+308
1.797693134862316e+308
1.797693134862316e+308
1.797693134862316e+308
1.38586
1.797693134862316e+308
1.38586
1.797693134862316e+308
1.797693134862316e+308
1.797693134862316e+308
1.797693134862316e+308
1.797693134862316e+308
1.797693134862316e+308
1.797693134862316e+308
1.797693134862316e+308
1.797693134862316e+308
1.797693134862316e+308
1.797693134862316e+308
1.797693134862316e+308
1.797693134862316e+308
1.797693134862316e+308
1.797693134862316e+308
1.797693134862316e+308
1.797693134862316e+308
1.797693134862316e+308
1.797693134862316e+308
1.797693134862316e+308
1.797693134862316e+308
1.797693134862316e+308
1.797693134862316e+308
1.797693134862316e+308
1.797693134862316e+308
1.797693134862316e+308
1.797693134862316e+308
1.38608
1.797693134862316e+308
1.38608
1.797693134862316e+308
1.38608
1.797693134862316e+308
1.38608
1.797693134862316e+308
1.38608
1.797693134862316e+308
1.797693134862316e+308
1.797693134862316e+308
1.797693134862316e+308
1.797693134862316e+308
1.797693134862316e+308
1.797693134862316e+308
1.797693134862316e+308
1.797693134862316e+308
1.797693134862316e+308
1.797693134862316e+308
1.797693134862316e+308
1.797693134862316e+308
1.797693134862316e+308
1.797693134862316e+308
1.797693134862316e+308
1.797693134862316e+308
1.797693134862316e+308
1.797693134862316e+308
1.797693134862316e+308
1.797693134862316e+308
1.797693134862316e+308
1.797693134862316e+308
1.797693134862316e+308
1.797693134862316e+308
1.797693134862316e+308
1.797693134862316e+308
1.797693134862316e+308
1.797693134862316e+308
1.797693134862316e+308
1.797693134862316e+308
1.797693134862316e+308
1.38608
1.797693134862316e+308
1.38608
1.797693134862316e+308
1.38608
1.797693134862316e+308
1.38608
1.797693134862316e+308
1.38608
1.797693134862316e+308
1.38608
1.797693134862316e+308
1.38608
1.797693134862316e+308
1.38608
1.797693134862316e+308
1.38608
1.797693134862316e+308
1.38608
1.38596
1.797693134862316e+308
1.38596
1.797693134862316e+308
1.38596
1.797693134862316e+308
1.38596
1.797693134862316e+308
1.38596
1.797693134862316e+308
1.797693134862316e+308
1.797693134862316e+308
1.797693134862316e+308
1.797693134862316e+308
1.797693134862316e+308
1.797693134862316e+308
1.797693134862316e+308
1.797693134862316e+308
1.797693134862316e+308
1.797693134862316e+308
1.797693134862316e+308
1.797693134862316e+308
1.797693134862316e+308
1.797693134862316e+308
1.797693134862316e+308
1.797693134862316e+308
1.797693134862316e+308
1.797693134862316e+308
1.797693134862316e+308
1.797693134862316e+308
1.38599
1.797693134862316e+308
1.38599
1.797693134862316e+308
1.797693134862316e+308
1.39129
1.797693134862316e+308
1.39129
1.797693134862316e+308
1.39129
1.797693134862316e+308
1.797693134862316e+308
1.797693134862316e+308
1.797693134862316e+308
1.797693134862316e+308
1.797693134862316e+308
1.797693134862316e+308
1.797693134862316e+308
1.797693134862316e+308
1.797693134862316e+308
1.797693134862316e+308
1.797693134862316e+308
1.797693134862316e+308
1.797693134862316e+308
1.797693134862316e+308
1.797693134862316e+308
1.797693134862316e+308
1.797693134862316e+308
1.797693134862316e+308
1.797693134862316e+308
1.797693134862316e+308
1.797693134862316e+308
1.797693134862316e+308
1.797693134862316e+308
1.797693134862316e+308
1.797693134862316e+308
1.797693134862316e+308
1.797693134862316e+308
1.797693134862316e+308
1.797693134862316e+308
1.797693134862316e+308
1.797693134862316e+308
1.797693134862316e+308
1.797693134862316e+308
1.797693134862316e+308
1.797693134862316e+308
1.797693134862316e+308
1.797693134862316e+308
1.797693134862316e+308
1.797693134862316e+308
1.797693134862316e+308
1.797693134862316e+308
1.797693134862316e+308
1.797693134862316e+308
1.797693134862316e+308
1.797693134862316e+308
1.797693134862316e+308
1.797693134862316e+308
1.797693134862316e+308
1.797693134862316e+308
1.797693134862316e+308
1.797693134862316e+308
1.797693134862316e+308
1.797693134862316e+308
1.797693134862316e+308
1.797693134862316e+308
1.797693134862316e+308
1.797693134862316e+308
1.797693134862316e+308
1.797693134862316e+308
1.39113
1.797693134862316e+308
1.39113
1.797693134862316e+308
1.39113
1.797693134862316e+308
1.39113
1.797693134862316e+308
1.39113
1.797693134862316e+308
1.797693134862316e+308
1.797693134862316e+308
1.797693134862316e+308
1.797693134862316e+308
1.797693134862316e+308
1.797693134862316e+308
1.797693134862316e+308
1.797693134862316e+308
1.797693134862316e+308
1.797693134862316e+308
1.797693134862316e+308
1.797693134862316e+308
1.797693134862316e+308
1.797693134862316e+308
1.797693134862316e+308
1.797693134862316e+308
1.797693134862316e+308
1.797693134862316e+308
1.797693134862316e+308
1.797693134862316e+308
1.39106
1.797693134862316e+308
1.39106
1.797693134862316e+308
1.39106
1.797693134862316e+308
1.39106
1.797693134862316e+308
1.39106
1.797693134862316e+308
1.797693134862316e+308
1.39113
1.797693134862316e+308
1.39113
1.797693134862316e+308
1.39113
1.797693134862316e+308
1.39113
1.797693134862316e+308
1.39113
1.797693134862316e+308
1.797693134862316e+308
1.797693134862316e+308
1.797693134862316e+308
1.797693134862316e+308
1.797693134862316e+308
1.797693134862316e+308
1.797693134862316e+308
1.797693134862316e+308
1.797693134862316e+308
1.797693134862316e+308
1.797693134862316e+308
1.797693134862316e+308
1.797693134862316e+308
1.797693134862316e+308
1.797693134862316e+308
1.797693134862316e+308
1.797693134862316e+308
1.797693134862316e+308
1.797693134862316e+308
1.797693134862316e+308
1.39106
1.797693134862316e+308
1.39106
1.797693134862316e+308
1.39106
1.797693134862316e+308
1.39106
1.797693134862316e+308
1.39106
1.797693134862316e+308
1.797693134862316e+308
1.797693134862316e+308
1.797693134862316e+308
1.797693134862316e+308
1.797693134862316e+308
1.797693134862316e+308
1.797693134862316e+308
1.797693134862316e+308
1.797693134862316e+308
1.797693134862316e+308
1.797693134862316e+308
1.797693134862316e+308
1.797693134862316e+308
1.797693134862316e+308
1.797693134862316e+308
1.797693134862316e+308
1.797693134862316e+308
1.797693134862316e+308
1.797693134862316e+308
1.797693134862316e+308
1.797693134862316e+308
1.797693134862316e+308
1.797693134862316e+308
1.797693134862316e+308
1.797693134862316e+308
1.797693134862316e+308
1.797693134862316e+308
1.797693134862316e+308
1.797693134862316e+308
1.797693134862316e+308
1.797693134862316e+308
1.797693134862316e+308
1.797693134862316e+308
1.797693134862316e+308
1.797693134862316e+308
1.797693134862316e+308
1.797693134862316e+308
1.797693134862316e+308
1.797693134862316e+308
1.797693134862316e+308
1.797693134862316e+308
1.797693134862316e+308
1.797693134862316e+308
1.797693134862316e+308
1.797693134862316e+308
1.797693134862316e+308
1.797693134862316e+308
1.797693134862316e+308
1.797693134862316e+308
1.797693134862316e+308
1.797693134862316e+308
1.797693134862316e+308
1.797693134862316e+308
1.797693134862316e+308
1.797693134862316e+308
1.797693134862316e+308
1.797693134862316e+308
1.797693134862316e+308
1.797693134862316e+308
1.797693134862316e+308
1.797693134862316e+308
1.797693134862316e+308
1.797693134862316e+308
1.797693134862316e+308
1.797693134862316e+308
1.797693134862316e+308
1.797693134862316e+308
1.797693134862316e+308
1.797693134862316e+308
1.797693134862316e+308
1.797693134862316e+308
1.797693134862316e+308
1.797693134862316e+308
1.797693134862316e+308
1.797693134862316e+308
1.797693134862316e+308
1.797693134862316e+308
1.797693134862316e+308
1.797693134862316e+308
1.797693134862316e+308
1.797693134862316e+308
1.797693134862316e+308
1.797693134862316e+308
1.797693134862316e+308
1.797693134862316e+308
1.797693134862316e+308
1.797693134862316e+308
1.797693134862316e+308
1.797693134862316e+308
1.797693134862316e+308
1.797693134862316e+308
1.797693134862316e+308
1.797693134862316e+308
1.797693134862316e+308
1.797693134862316e+308
1.797693134862316e+308
1.797693134862316e+308
1.797693134862316e+308
1.797693134862316e+308
1.39118
1.797693134862316e+308
1.39118
1.797693134862316e+308
1.39118
1.797693134862316e+308
1.39118
1.797693134862316e+308
1.39118
1.797693134862316e+308
1.797693134862316e+308
1.797693134862316e+308
1.797693134862316e+308
1.797693134862316e+308
1.797693134862316e+308
1.797693134862316e+308
1.797693134862316e+308
1.797693134862316e+308
1.797693134862316e+308
1.797693134862316e+308
1.797693134862316e+308
1.797693134862316e+308
1.797693134862316e+308
1.797693134862316e+308
1.797693134862316e+308
1.797693134862316e+308
1.797693134862316e+308
1.797693134862316e+308
1.797693134862316e+308
1.797693134862316e+308
1.797693134862316e+308
1.797693134862316e+308
1.797693134862316e+308
1.797693134862316e+308
1.797693134862316e+308
1.797693134862316e+308
1.797693134862316e+308
1.797693134862316e+308
1.797693134862316e+308
1.797693134862316e+308
1.797693134862316e+308
1.39118
1.797693134862316e+308
1.39118
1.797693134862316e+308
1.39118
1.797693134862316e+308
1.39118
1.797693134862316e+308
1.39118
1.797693134862316e+308
1.797693134862316e+308
1.797693134862316e+308
1.797693134862316e+308
1.797693134862316e+308
1.797693134862316e+308
1.797693134862316e+308
1.797693134862316e+308
1.797693134862316e+308
1.797693134862316e+308
1.797693134862316e+308
1.797693134862316e+308
1.797693134862316e+308
1.797693134862316e+308
1.797693134862316e+308
1.797693134862316e+308
1.797693134862316e+308
1.797693134862316e+308
1.797693134862316e+308
1.797693134862316e+308
1.39112
1.797693134862316e+308
1.39112
1.797693134862316e+308
1.797693134862316e+308
1.797693134862316e+308
1.797693134862316e+308
1.797693134862316e+308
1.797693134862316e+308
1.797693134862316e+308
1.797693134862316e+308
1.797693134862316e+308
1.797693134862316e+308
1.797693134862316e+308
1.797693134862316e+308
1.797693134862316e+308
1.797693134862316e+308
1.797693134862316e+308
1.39036
1.39053
1.39036
1.39053
1.39036
1.39053
1.39036
1.39053
1.39036
1.39053
1.797693134862316e+308
1.797693134862316e+308
1.797693134862316e+308
1.797693134862316e+308
1.797693134862316e+308
1.797693134862316e+308
1.797693134862316e+308
1.797693134862316e+308
1.797693134862316e+308
1.797693134862316e+308
1.797693134862316e+308
1.797693134862316e+308
1.797693134862316e+308
1.797693134862316e+308
1.797693134862316e+308
1.797693134862316e+308
1.797693134862316e+308
1.797693134862316e+308
1.797693134862316e+308
1.797693134862316e+308
1.797693134862316e+308
1.797693134862316e+308
1.797693134862316e+308
1.797693134862316e+308
1.797693134862316e+308
1.797693134862316e+308
1.797693134862316e+308
1.797693134862316e+308
1.797693134862316e+308
1.797693134862316e+308
1.797693134862316e+308
1.39036
1.797693134862316e+308
1.39036
1.797693134862316e+308
1.39036
1.797693134862316e+308
1.39036
1.797693134862316e+308
1.39036
1.39099
1.797693134862316e+308
1.39099
1.797693134862316e+308
1.39099
1.797693134862316e+308
1.39099
1.797693134862316e+308
1.39099
1.797693134862316e+308
1.797693134862316e+308
1.797693134862316e+308
1.797693134862316e+308
1.797693134862316e+308
1.797693134862316e+308
1.797693134862316e+308
1.797693134862316e+308
1.797693134862316e+308
1.797693134862316e+308
1.797693134862316e+308
1.797693134862316e+308
1.797693134862316e+308
1.797693134862316e+308
1.797693134862316e+308
1.797693134862316e+308
1.797693134862316e+308
1.797693134862316e+308
1.797693134862316e+308
1.797693134862316e+308
1.797693134862316e+308
1.797693134862316e+308
1.797693134862316e+308
1.797693134862316e+308
1.797693134862316e+308
1.797693134862316e+308
1.797693134862316e+308
1.797693134862316e+308
1.797693134862316e+308
1.797693134862316e+308
1.797693134862316e+308
1.797693134862316e+308
1.39099
1.797693134862316e+308
1.39099
1.797693134862316e+308
1.39099
1.797693134862316e+308
1.39099
1.797693134862316e+308
1.39099
1.797693134862316e+308
1.797693134862316e+308
1.797693134862316e+308
1.797693134862316e+308
1.797693134862316e+308
1.797693134862316e+308
1.797693134862316e+308
1.797693134862316e+308
1.797693134862316e+308
1.797693134862316e+308
1.797693134862316e+308
1.797693134862316e+308
1.797693134862316e+308
1.797693134862316e+308
1.797693134862316e+308
1.797693134862316e+308
1.797693134862316e+308
1.797693134862316e+308
1.797693134862316e+308
1.797693134862316e+308
