-9.850000000002183
182.8899999999994
310.869999999999
59.36000000000058
-56.02000000000407
5.799999999999272
140.7799999999988
280.3999999999978
83.64999999999782
7.0
444.3400000000001
263.0799999999981
27.22999999999956
412.380000000001
13.0
138.989999999998
-20.34999999999854
59.2300000000032
154.2000000000007
62.47999999999956
1.81000000000131
44.88999999999942
101.0699999999997
178.4000000000015
82.92000000000189
130.9099999999999
58.46999999999753
335.4099999999962
106.2299999999996
8.169999999998254
78.72000000000116
95.97999999999956
75.02999999999884
-2.670000000001892
190.7099999999991
22.22999999999956
22.7400000000016
176.4699999999975
281.7700000000004
33.47000000000116
260.1200000000026
12.96999999999753
180.239999999998
5.419999999998254
21.86999999999898
37.11000000000058
1.079999999998108
62.75
45.59000000000015
115.1899999999987
48.17000000000189
165.619999999999
16.71999999999753
93.38000000000102
77.47000000000116
66.95000000000073
315.8299999999981
40.90000000000146
41.37999999999738
109.4799999999996
126.5300000000025
90.25
58.43999999999869
308.9300000000003
180.7299999999996
14.9800000000032
382.1900000000023
-9.5
50.20000000000073
185.7899999999972
72.86000000000058
217.4399999999987
148.9099999999999
-3.520000000000437
2.729999999999563
434.8000000000029
51.20000000000073
280.3700000000026
4.470000000001164
-14.90999999999985
-35.95000000000073
378.0099999999984
138.0999999999985
57.71999999999753
29.90999999999985
-11.43999999999869
40.43000000000029
-7.979999999999563
232.8300000000017
129.2899999999972
94.47999999999956
138.5400000000009
-4.119999999998981
193.9300000000003
120.9599999999991
269.9799999999959
200.3600000000006
67.5
-19.04999999999927
62.56999999999971
31.25
25.48999999999796
108.5800000000017
98.61000000000058
132.5
-19.5
76.02999999999884
224.9699999999975
72.27999999999884
4.029999999998836
16.59000000000015
4.180000000000291
214.2099999999991
110.8299999999981
125.1899999999987
49.23999999999796
125.6699999999983
40.4900000000016
49.5
4.020000000000437
602.2299999999996
69.55999999999767
170.5700000000033
125.5699999999997
242.9900000000016
180.4300000000003
167.25
207.8600000000006
14.97000000000116
19.44999999999709
187.0499999999993
71.57999999999811
422.4500000000007
-36.03000000000247
438.4000000000015
-72.53000000000247
41.54999999999927
97.18999999999869
98.56000000000131
200.0400000000009
91.84000000000015
44.45000000000073
-55.45999999999913
38.45000000000073
123.2200000000012
5.490000000001601
347.4300000000003
172.8199999999997
17.96999999999753
140.3400000000001
53.89999999999782
294.9500000000007
22.81999999999971
125.2700000000004
8.780000000002474
-8.649999999997817
242.9300000000003
-34.04000000000087
251.9099999999999
8.369999999998981
37.55000000000291
59.31000000000131
155.5699999999997
50.96999999999753
145.2799999999988
66.41999999999825
291.7999999999993
251.2899999999972
41.43999999999869
-11.97000000000116
-27.95000000000073
76.97999999999956
155.1700000000019
-12.97000000000116
158.0900000000001
108.5299999999988
351.6100000000006
359.9500000000007
134.2599999999984
246.6099999999969
-81.62999999999738
-22.36000000000058
292.0900000000001
70.04999999999927
114.369999999999
62.22999999999956
99.54999999999927
-21.15999999999985
689.3300000000017
100.4000000000015
-21.63999999999942
-6.479999999999563
-43.95000000000073
-9.980000000003201
288.5999999999985
62.93999999999869
291.5099999999984
201.5200000000004
41.40999999999985
63.93000000000029
278.0999999999985
-44.94000000000233
81.88999999999942
133.2900000000009
-31.95999999999913
157.8199999999997
-4.989999999997963
41.96999999999753
29.43000000000029
137.8400000000001
-31.41999999999825
-13.5
430.8600000000006
273.4599999999991
451.2700000000004
113.9700000000012
147.8299999999981
188.9599999999991
109.1000000000022
489.6800000000003
201.3600000000006
150.6599999999999
-100.9900000000016
-70.64999999999782
226.0600000000013
370.3199999999997
240.3999999999978
-115.0299999999988
81.75
724.989999999998
157.8899999999994
103.9599999999991
11.47999999999956
349.2899999999972
-17.9900000000016
217.880000000001
62.44999999999709
4.399999999997817
108.4099999999999
40.9900000000016
-5.0
10.53999999999724
-54.84999999999854
260.8400000000001
24.96999999999753
43.97999999999956
80.46999999999753
-54.95999999999913
194.3299999999981
1.590000000000146
-10.54000000000087
32.94000000000233
198.4699999999975
-44.43999999999869
211.4400000000023
94.39999999999782
-30.95000000000073
86.34999999999854
-18.0099999999984
295.8199999999961
114.130000000001
70.09999999999854
122.3400000000001
218.369999999999
4.669999999998254
222.8700000000026
62.34000000000015
72.15000000000146
42.15000000000146
35.18999999999869
-113.0299999999988
-23.58000000000175
225.630000000001
49.85999999999694
32.54000000000087
572.6900000000023
-14.56999999999971
97.44999999999709
128.7999999999993
31.97999999999956
150.9000000000015
14.01000000000204
93.91999999999825
184.4199999999983
15.36000000000058
175.4099999999999
36.0
77.43999999999869
95.41999999999825
33.9900000000016
114.4200000000019
132.9300000000003
12.95999999999913
156.3700000000026
182.4599999999991
-119.2999999999993
27.81000000000131
-29.13000000000102
-19.2400000000016
-82.87999999999738
363.9799999999996
102.119999999999
110.9500000000007
58.10999999999694
113.6599999999999
-91.81999999999971
461.0299999999988
52.05999999999767
3.600000000002183
149.0199999999968
2.840000000000146
-166.1500000000015
-46.63999999999942
9.010000000002037
135.380000000001
291.4400000000023
7.440000000002328
223.4599999999991
4.5
266.5
92.43999999999869
10.5099999999984
-51.93999999999869
-33.51000000000204
27.65999999999985
85.0
71.7599999999984
50.51000000000204
49.87000000000262
524.4300000000003
-11.52999999999884
28.26000000000204
236.4099999999999
44.54000000000087
321.0899999999965
-25.46000000000276
12.9900000000016
-28.47000000000116
-55.97999999999956
22.9900000000016
-10.19000000000233
119.630000000001
391.3100000000013
50.12999999999738
95.38000000000102
-15.66999999999825
75.34999999999854
166.3199999999997
363.7299999999996
-40.47999999999956
8.5
-17.97999999999956
51.54000000000087
48.5
-2.009999999998399
25.0
92.90999999999985
63.5099999999984
404.630000000001
60.94000000000233
51.47999999999956
41.43000000000029
125.8600000000006
31.02000000000044
109.9300000000003
39.95000000000073
-0.180000000000291
42.59999999999854
-52.10000000000218
118.8199999999997
107.5099999999984
-59.40000000000146
75.34000000000015
179.1700000000019
394.9799999999996
158.6900000000023
261.7899999999972
151.7000000000007
1079.59
8.530000000002474
136.4400000000023
47.9900000000016
1020.440000000002
211.4300000000003
581.9700000000012
7.130000000001019
204.0200000000004
394.1599999999999
89.11000000000058
-55.2599999999984
267.8199999999997
-78.61000000000058
274.9499999999971
85.97000000000116
104.0
93.76000000000204
-51.31000000000131
26.12999999999738
89.65999999999985
-41.34999999999854
82.02999999999884
66.11000000000058
314.1799999999967
123.0400000000009
141.0399999999972
304.6100000000006
-8.5
121.0299999999988
155.5600000000013
263.5999999999985
112.5799999999981
341.0900000000001
53.52000000000044
-15.0
154.4199999999983
0.9099999999998545
-105.5400000000009
402.9700000000012
-21.5099999999984
15.56999999999971
118.0300000000025
137.119999999999
136.0500000000029
108.0200000000004
-27.0099999999984
-22.91999999999825
8.480000000003201
70.30000000000291
455.8899999999994
398.4800000000032
229.8999999999978
38.64999999999782
-32.95999999999913
233.0299999999988
135.130000000001
156.4700000000012
120.5200000000004
34.79999999999927
213.8199999999997
82.45000000000073
87.81000000000131
299.3300000000017
-80.04999999999927
0.8100000000013097
16.63999999999942
235.5699999999997
259.869999999999
6.5
181.0900000000001
110.0300000000025
168.5600000000013
78.52000000000044
105.5499999999993
-48.04999999999927
-7.0
56.02000000000044
17.0099999999984
13.51000000000204
212.1399999999994
43.45999999999913
21.5099999999984
34.47999999999956
-44.54999999999927
79.46000000000276
52.02000000000044
184.5199999999968
156.619999999999
0.5
312.0900000000001
256.5800000000017
292.0499999999993
-14.27999999999884
81.70000000000073
68.27000000000044
8.389999999999418
161.7999999999993
354.869999999999
-42.91999999999825
379.7200000000012
263.5800000000017
66.80999999999767
44.00000000000364
45.04000000000087
179.5500000000029
-6.0
-9.0
357.7199999999975
87.95999999999913
864.2400000000016
45.04999999999927
-57.02000000000044
25.0
160.0699999999997
317.6199999999953
194.5799999999981
39.03000000000247
43.4900000000016
88.70999999999913
167.6800000000003
67.43000000000029
132.4900000000016
-61.54000000000087
64.05000000000291
51.0
867.0
-41.0
20.0
-87.5
165.0
-29.5
167.5
46.0
97.0
837.0
916.5
58.0
336.0
-166.0
-18.0
-19.5
88.0
-32.5
393.25
-84.0
38.5
218.5
-83.5
-76.0
79.5
-47.0
61.5
116.5
288.5
54.0
106.0
111.0
241.5
736.0
-41.0
259.0
304.0
-238.0
-27.0
163.0
350.5
471.5
-165.5
143.0
-40.5
319.5
-14.0
-69.0
101.5
42.0
87.5
217.5
-40.5
109.5
55.5
498.0
515.5
388.0
371.0
119.5
426.0
472.5
-97.0
119.0
-42.0
209.5
60.5
295.4199999999983
310.5
141.25
-239.0
926.25
107.0
-63.5
124.0
65.0
436.5
-3.5
367.0
299.5
91.5
282.5
43.5
120.0
81.0
341.5
356.0
-74.0
323.5
91.0
69.0
387.0
-252.0
214.0
28.5
18.0
83.0
-76.5
91.5
5.0
-89.0
-105.5
-47.0
-7.0
278.5
202.0
175.5
94.0
79.0
-60.5
48.5
18.0
-44.70000000000073
18.5
-89.0
380.5
314.0
408.5
294.0
-15.5
249.0
94.5
343.0
376.0
-14.5
41.5
102.0
85.0
15.0
482.0
500.0
16.5
220.5
-1.0
495.5
-12.0
450.7799999999988
311.9400000000023
-24.94000000000233
122.2200000000012
535.5699999999997
102.7400000000016
184.5099999999984
-72.43000000000029
-18.56000000000131
-114.6500000000015
141.0399999999972
26.09999999999854
-129.2199999999975
37.40999999999985
-68.84999999999854
17.95000000000073
-49.87999999999738
155.1599999999999
-128.7200000000012
151.6699999999983
68.84000000000015
178.0900000000001
1.5
-3.990000000001601
-1.979999999999563
-3.989999999997963
144.6800000000003
141.7000000000007
-20.95999999999913
758.2599999999984
93.90000000000146
417.5299999999988
-12.0
96.0
0.5
369.5
49.5
37.5
185.0
547.0
25.0
251.0
73.5
298.5
227.0
-182.5
-27.5
161.5
607.0
8.0
39.5
71.0
5.0
-20.0
446.5
-46.0
243.5
111.5
1.0
331.5
181.0
830.5
150.0
272.5
199.5
129.5
123.0
-53.0
63.0
-50.5
248.0
-52.79999999999927
40.0
31.5
179.5
255.0
116.0
-11.5
233.5
120.0
-15.5
150.0
34.0
235.0
42.5
-17.0
-36.0
216.5
15.5
45.0
335.5
220.0
746.0
-60.5
6.0
102.0
548.0
193.0
247.5
76.0
208.5
133.0
99.98999999999796
-77.0
55.5
240.0
243.5
535.0
33.0
44.5
51.5
-6.5
58.5
-2.5
101.5
95.0
271.0
231.5
44.5
-69.0
60.5
-4.5
193.0
72.5
13.0
4.0
355.5
20.5
618.0
253.5
134.5
38.0
80.0
507.5
81.0
303.5
-29.0
12.5
-20.5
-34.0
-6.5
153.0
124.5
-5.5
110.5
-54.0
17.5
267.5
70.0
160.0
-76.0
-63.0
72.5
-56.0
-46.5
42.5
4.0
561.5
316.5
1254.0
-95.0
-19.5
-12.0
106.5
16.5
81.5
46.0
97.5
262.0
42.5
-45.0
26.5
64.5
130.0
100.7999999999993
140.5
116.5
220.0
55.0
77.5
96.5
-5.5
103.0
12.5
140.0
228.2000000000007
1261.5
178.5
117.5
914.0
302.0
-85.0
-60.0
163.0
-38.5
387.0
131.5
-15.0
56.0
9.0
336.0
-61.0
-63.5
183.5
-107.0
125.0
98.0
265.0
361.0
39.0
71.0
19.0
366.0
146.0
81.0
-20.0
130.5
-15.5
173.0
-25.0
77.5
180.0
191.0
25.0
305.5
58.0
17.5
13.0
72.0
77.0
131.0
32.5
58.5
143.5
19.0
33.0
340.5
-33.5
172.0
76.0
441.0
222.5
70.0
261.5
105.0
156.0
108.5
-12.5
55.5
-7.0
101.0
238.0
285.5
23.5
-71.0
287.5
99.5
165.5
165.0
126.5
84.0
74.5
-19.5
34.0
-23.0
225.0
148.0
163.0
129.2999999999993
72.5
421.0
-40.5
100.5
-71.5
153.0
782.0
53.0
-72.0
-26.0
-9.0
119.5
-53.0
350.0
592.5
662.0
-104.0
222.0
-65.0
138.5
-22.5
446.5
27.0
133.0
-70.5
86.0
176.0
73.5
122.0
135.0
129.0
5.0
570.0
147.5
146.0
28.5
40.0
124.5
302.5
-45.5
4.5
51.0
80.0
108.5
17.5
92.0
161.5
146.5
6.5
22.0
65.5
-16.0
71.0
0.7000000000007276
137.0
-62.0
42.5
25.5
31.5
76.0
80.5
200.5
324.5
197.0
228.5
497.0
849.0
166.5
1158.5
-90.5
-29.5
365.5
102.0
110.0
4.5
7.5
169.5
15.0
38.0
156.5
121.5
124.0
-25.5
163.0
182.0
127.0
350.5
-32.5
55.5
39.0
126.5
258.5
192.5
16.5
229.5
-33.0
44.5
52.0
161.5
129.5
196.0
5.5
43.5
123.0
43.5
206.5
158.0
82.5
20.5
97.0
73.5
40.0
8.5
202.0
32.5
109.5
148.0
107.5
111.0
17.0
271.0
45.0
216.7999999999993
220.0
54.0
247.0
13.0
-55.5
97.0
95.5
132.5
-4.5
-14.0
13.0
59.0
59.5
204.5
-10.5
1.5
14.5
263.5
45.5
195.5
50.5
65.0
98.5
192.5
74.0
155.0
36.0
111.5
-9.0
-18.0
211.5
-12.5
-11.5
151.5
67.5
96.0
377.0
102.0
115.5
250.0
41.0
72.5
259.5
1.0
68.0
45.0
-13.0
-18.0
236.0
2.0
98.0
-19.5
123.0
-26.0
21.0
49.5
167.0
-5.0
244.5
35.59999999999854
124.5
221.0
125.5
-11.5
0.5
55.0
-23.5
-27.0
94.0
12.0
139.5
31.0
47.0
117.0
105.5
138.5
411.0
87.5
-32.5
43.5
291.5
-4.0
1.5
123.5
22.0
68.0
63.5
160.0
25.5
-8.5
66.0
216.0
46.0
-7.0
3.0
13.5
540.5
194.5
77.0
571.5
91.5
6.0
29.5
-60.0
-0.5
73.0
27.5
-29.0
201.0
11.0
166.0
56.5
-9.0
166.0
29.0
163.0
124.5
-45.5
7.5
4.0
135.0
57.79999999999927
-3.0
14.0
19.0
71.0
108.0
284.5
95.5
34.0
50.5
79.5
213.0
21.0
61.0
10.0
126.5
20.5
102.5
-25.0
-62.0
15.5
104.5
68.5
1.0
31.0
-10.5
-5.0
-6.0
372.0
96.5
61.5
-21.0
183.5
30.0
20.0
82.0
56.0
86.5
270.5
106.0
267.75
16.0
66.5
-76.0
279.5
108.5
128.5
187.0
42.5
97.0
597.5
-15.5
103.0
-10.0
-5.0
35.0
261.5
48.5
-1.0
98.0
124.0
-76.5
6.5
323.5
-19.5
152.5
384.0
386.0
0.5
202.5
64.0
109.0
267.0
249.5
7.0
7.0
163.0
271.5
141.0
1.5
33.5
16.0
335.5
196.5
101.5
31.5
29.0
143.0
38.5
-40.5
133.0
-5.5
59.0
10.0
22.5
126.0
124.0
-72.01000000000204
266.5
7.0
48.5
113.0
268.0
9.0
101.5
41.5
75.0
153.5
95.5
-21.5
203.0
247.5
-9.5
59.5
44.5
100.5
532.5
56.0
182.5
142.0
48.5
142.5
147.5
3.0
18.5
341.0
198.0
-40.0
-192.0
181.5
140.0
60.5
-40.5
9.5
52.0
94.0
56.0
30.0
223.0
171.0
-19.5
174.0
193.5
118.5
44.0
-15.0
216.5
39.5
391.0
57.29999999999927
-18.0
51.5
-23.0
9.5
280.0
222.0
167.0
17.0
55.0
54.5
110.0
142.5
9.5
44.0
-27.5
226.5
26.5
235.0
-38.5
108.0
-3.0
-25.0
186.5
20.0
133.0
109.5
-31.0
61.5
-31.5
-31.0
16.5
21.0
-22.0
1.0
354.0
88.5
-6.5
69.5
-16.0
320.5
167.0
-35.0
-23.5
154.5
153.5
-21.0
940.0
84.5
58.0
28.5
1.5
89.0
-72.5
26.0
-23.5
-38.5
56.5
407.0
10.5
-41.5
53.5
51.0
306.5
78.0
165.5
103.5
74.5
141.0
1.5
301.0
270.6899999999987
374.3300000000017
54.88999999999942
105.1200000000026
64.34000000000015
24.18000000000029
41.9900000000016
327.3899999999994
20.5
33.97999999999956
25.28000000000247
-22.79999999999927
16.5
90.27000000000044
-14.02999999999884
165.3899999999994
-33.0
98.47999999999956
-4.0
20.18999999999869
186.0900000000001
24.55999999999767
8.399999999997817
270.7799999999988
39.05000000000291
14.52999999999884
119.2099999999991
-10.09999999999854
-34.2599999999984
67.04999999999927
75.04999999999927
62.51000000000204
65.47999999999956
-0.5
-64.47000000000116
29.40999999999985
81.46999999999753
-2.009999999998399
-4.0
3.5
193.9399999999987
20.48999999999796
96.7599999999984
44.97999999999593
-11.54999999999563
-6.489999999997963
83.36999999999898
28.81999999999971
-5.200000000000728
-21.0099999999984
114.7000000000007
102.4200000000019
34.98999999999796
64.97000000000116
160.9200000000019
107.4400000000023
48.09000000000015
47.04999999999927
403.9099999999999
75.68999999999869
20.14999999999782
74.38999999999942
32.44000000000233
83.47000000000116
114.5400000000009
304.5400000000009
23.5
35.47999999999956
90.97000000000116
10.5
207.9500000000007
-19.02000000000044
-24.51000000000204
50.26000000000204
-5.170000000001892
21.04999999999927
284.619999999999
26.4800000000032
331.7199999999975
79.93000000000029
20.52000000000044
107.1700000000019
149.4199999999983
-10.86999999999898
111.369999999999
34.39999999999782
-1.5
79.75
459.510000000002
395.1399999999994
87.29999999999927
52.58000000000175
46.48999999999796
81.27000000000044
230.9099999999999
-6.5
15.9900000000016
81.89999999999782
23.5
27.47999999999956
280.4099999999999
69.80999999999767
16.72999999999956
13.20000000000073
170.3400000000001
63.97999999999956
52.45000000000073
9.180000000000291
66.9900000000016
69.54000000000087
181.4399999999987
121.7199999999975
14.68000000000029
409.9399999999987
117.760000000002
161.5599999999977
45.20000000000073
-10.92000000000189
32.70999999999913
288.4000000000015
77.07999999999811
270.3499999999985
48.0
-6.5
75.47000000000116
41.95999999999913
-2.590000000000146
-0.2400000000016007
18.65000000000146
190.3400000000001
28.65000000000146
73.95000000000073
3.000000000003638
110.9500000000007
155.9599999999991
43.02000000000044
39.13999999999942
13.0
-16.4900000000016
113.9399999999987
59.02999999999884
-9.930000000000291
15.97999999999956
85.91000000000349
114.6900000000023
-3.239999999997963
-17.91999999999825
-9.270000000000437
466.739999999998
165.9200000000019
306.1399999999994
25.54999999999927
-11.69000000000233
191.3600000000006
41.5
96.45999999999913
246.0299999999988
-10.98999999999796
13.0
84.46000000000276
5.790000000000873
148.0300000000025
89.36000000000058
101.4300000000003
35.65000000000146
10.86000000000058
-20.90999999999985
215.869999999999
365.6000000000022
5.319999999999709
84.66999999999825
154.0999999999985
325.3200000000033
64.45999999999913
17.0
15.4900000000016
9.610000000000582
-46.70999999999913
13.03000000000247
7.419999999998254
145.8499999999985
1.5
171.5
78.60000000000218
29.98999999999796
354.6800000000003
215.9699999999975
17.82999999999811
8.81000000000131
87.37000000000262
9.0
203.3400000000001
81.33000000000175
31.98999999999796
264.3400000000001
44.06000000000131
-16.63000000000102
648.1299999999974
18.5
44.98999999999796
175.9499999999971
-34.79000000000087
22.5
57.4900000000016
24.0
11.98999999999796
113.3899999999994
243.4099999999999
73.21000000000276
439.3499999999985
29.06999999999971
30.34000000000015
8.799999999999272
26.35000000000218
-70.70000000000073
-31.21999999999753
159.1599999999999
42.84000000000015
-1.5
61.97000000000116
40.02999999999884
102.119999999999
97.46000000000276
38.19999999999709
20.9900000000016
271.9400000000023
17.48999999999796
103.3199999999997
383.4099999999999
54.68000000000029
253.9599999999991
33.77999999999884
14.27999999999884
24.38999999999942
261.8500000000022
-8.5
45.98999999999796
117.9900000000016
77.72000000000116
7.360000000000582
38.51000000000204
316.2800000000025
23.22999999999956
-20.5
115.9900000000016
120.6800000000003
245.2299999999996
26.52999999999884
207.1500000000015
-11.28999999999724
58.85999999999694
-12.5
446.8499999999985
-3.259999999998399
249.4700000000012
37.0
23.9900000000016
52.46999999999753
235.8700000000026
269.0800000000017
65.86999999999898
26.02999999999884
-9.5
49.02000000000044
93.45000000000073
63.20999999999913
59.13999999999942
4.540000000000873
26.36999999999898
220.4399999999987
194.0800000000017
47.0
248.0999999999985
80.15999999999985
40.10000000000218
126.2099999999991
-5.5
1.0
259.1500000000015
205.8199999999997
61.65999999999985
2.389999999999418
4.219999999997526
12.94000000000233
41.12000000000262
228.7000000000007
18.02000000000044
7.989999999997963
213.9099999999999
97.60000000000218
7.069999999999709
-2.340000000000146
216.5
33.48999999999796
211.4399999999987
12.0
258.0
15.0
67.5
3.0
25.0
10.7400000000016
43.79000000000087
105.380000000001
18.0
9.029999999998836
169.0
3.959999999999127
184.489999999998
159.5999999999985
18.47999999999956
163.2900000000009
79.22999999999956
-25.94000000000233
50.63999999999942
-42.86999999999898
488.5
81.5099999999984
109.3899999999994
63.02000000000044
0.4899999999979627
56.0099999999984
82.54000000000087
117.0699999999997
140.75
239.5699999999997
29.0
169.4700000000012
55.4900000000016
-18.88000000000102
6.009999999998399
78.97000000000116
43.0
78.9900000000016
-10.38999999999942
167.5
111.0
50.02999999999884
96.0
61.18000000000029
112.2000000000007
95.5
237.4700000000012
25.5
77.4900000000016
105.0
107.9700000000012
141.9599999999991
100.2799999999988
-9.659999999999854
39.34999999999854
76.0099999999984
265.0499999999993
47.14000000000306
58.14999999999782
81.20000000000073
58.36999999999898
-9.880000000001019
660.8400000000001
11.5
43.0
92.52000000000044
9.950000000000728
85.97999999999956
41.5
32.98999999999796
198.119999999999
113.75
19.09999999999854
54.07000000000335
450.4300000000003
44.9900000000016
311.9799999999996
-45.5
62.15999999999985
-15.65000000000146
202.8499999999985
59.47000000000116
61.75
105.4099999999999
140.4100000000035
135.7999999999993
198.5099999999984
-4.150000000001455
59.93999999999869
-0.6199999999989814
197.4799999999996
-6.0
13.45000000000073
357.9500000000007
36.54999999999927
-35.0
-17.9900000000016
38.28999999999724
167.3200000000033
71.70999999999913
65.52000000000044
11.26000000000204
18.46000000000276
78.91000000000349
144.5399999999972
55.88999999999942
13.5
232.3899999999994
91.53999999999724
249.6399999999994
36.45999999999913
-9.369999999998981
260.6299999999974
214.4200000000019
82.13000000000102
308.5900000000001
29.53000000000247
439.739999999998
48.02000000000044
377.2199999999975
143.7599999999984
701.8100000000013
55.13000000000102
380.7699999999968
-103.7700000000004
1.510000000002037
-8.460000000002765
-50.0
123.5
57.09000000000015
190.989999999998
4.0
80.96999999999753
156.0200000000004
180.5099999999984
33.5
284.119999999999
33.5
-14.06999999999971
71.51000000000204
263.7099999999991
20.31999999999971
-34.23999999999796
562.619999999999
-61.68999999999869
10.43000000000029
302.6700000000019
133.5299999999988
-0.1100000000005821
304.119999999999
176.7599999999984
-62.96999999999753
94.81999999999971
-10.28000000000247
139.489999999998
49.5099999999984
106.9900000000016
14.51000000000204
-21.0
7.0
9.5
524.0799999999981
3.669999999998254
-14.0
51.5099999999984
-48.11999999999898
149.0
-12.5
115.619999999999
164.3999999999978
81.5
68.88999999999942
-34.38000000000102
-76.13999999999942
118.0199999999968
49.90999999999985
189.5800000000017
12.15999999999985
189.1100000000006
36.18000000000029
124.630000000001
181.1699999999983
225.869999999999
18.52000000000044
420.4500000000007
-15.5
-1.0
192.0400000000009
31.5
25.0
574.9399999999987
242.1999999999971
73.95000000000073
454.5900000000001
194.260000000002
36.97000000000116
143.9300000000003
65.20999999999913
62.93999999999869
193.6299999999974
62.18000000000029
9.520000000000437
8.989999999997963
68.93999999999869
166.380000000001
9.989999999997963
32.97999999999956
21.97999999999956
9.490000000001601
112.4100000000035
108.4200000000019
33.11999999999898
92.31999999999971
-53.69999999999709
114.9099999999999
166.3600000000006
51.45999999999913
163.6100000000006
-25.70999999999913
70.14999999999782
37.13000000000102
32.57999999999811
108.119999999999
186.1900000000023
10.0099999999984
119.880000000001
1.5
100.3999999999978
156.9399999999987
-31.2599999999984
57.42000000000189
-2.5
73.06000000000131
248.3899999999994
-6.970000000001164
12.41999999999825
162.3500000000022
62.56999999999971
39.79000000000087
69.68999999999869
174.2799999999988
128.8700000000026
148.9399999999987
8.010000000002037
202.8600000000006
464.6900000000023
103.75
87.79999999999927
-0.3500000000021828
28.52000000000044
153.3400000000001
510.9599999999991
85.93000000000029
-25.97999999999956
214.8899999999994
69.39000000000306
2.5
-10.96999999999753
202.8199999999997
129.0499999999993
16.22999999999956
87.02000000000044
122.5
46.89000000000306
120.9600000000028
-6.779999999998836
-9.779999999998836
-21.81999999999971
198.0699999999997
421.0999999999985
350.6800000000003
8.489999999997963
-14.98999999999796
19.72000000000116
329.2700000000004
183.7099999999991
79.81999999999971
147.7899999999972
66.45999999999913
31.47000000000116
67.79999999999927
41.7400000000016
9.770000000000437
204.7800000000025
12.09000000000015
33.47000000000116
91.2599999999984
182.7200000000012
9.510000000002037
407.0400000000009
166.119999999999
103.3499999999985
54.05999999999767
-6.490000000001601
42.59000000000015
18.11999999999898
-33.80000000000291
-4.06000000000131
16.5
40.95999999999913
48.46999999999753
164.8500000000022
18.98999999999796
-16.29000000000087
1.360000000000582
166.2700000000004
227.5699999999997
158.5500000000029
40.93999999999869
33.87000000000262
246.010000000002
138.2799999999988
-10.86000000000058
-17.53000000000247
59.15999999999985
22.2400000000016
248.6099999999969
-20.0099999999984
-27.97999999999956
36.47999999999956
15.9900000000016
6.479999999999563
61.25
187.9700000000012
165.8300000000017
498.380000000001
28.56000000000131
74.94000000000233
47.04999999999927
154.8500000000022
-14.2200000000048
30.95999999999913
244.5099999999984
99.83000000000175
29.97000000000116
4.69999999999709
88.91999999999825
39.90999999999985
77.45000000000073
-18.47999999999956
73.97000000000116
97.47000000000116
315.0400000000009
10.65000000000146
218.0999999999985
36.46000000000276
5.81000000000131
138.8199999999997
128.3899999999994
78.43000000000029
120.0200000000004
83.96999999999753
275.8899999999994
160.7899999999972
112.1100000000006
217.0499999999993
394.619999999999
3.700000000000728
-25.28000000000247
118.5400000000009
77.36999999999898
155.5600000000013
-2.5
-6.490000000001601
44.48999999999796
-19.07999999999811
198.380000000001
5.989999999997963
206.130000000001
196.4300000000003
102.0599999999977
135.0800000000017
14.02000000000044
11.89999999999782
50.9900000000016
224.2899999999972
557.0
50.5
50.5
51.5
55.5
64.5
197.4900000000016
301.9099999999999
73.77000000000044
-0.6700000000018917
-23.20000000000073
160.9300000000003
58.47999999999956
142.4900000000016
101.4499999999971
105.9300000000003
216.3499999999985
161.6399999999994
-6.860000000000582
-2.480000000003201
204.6800000000003
20.97000000000116
0.2099999999991269
40.0
-0.3100000000013097
-14.86000000000058
21.45999999999913
409.9099999999999
-2.450000000000728
-37.80999999999767
144.7299999999996
27.75
86.52000000000044
318.8199999999997
98.46000000000276
28.47999999999956
48.63000000000102
27.88000000000102
171.1800000000003
61.5
168.5699999999997
5.930000000000291
316.5200000000004
43.03000000000247
84.25
62.86000000000058
395.3199999999997
467.0200000000004
36.97999999999956
46.95000000000073
79.15999999999985
63.58000000000175
96.88000000000102
93.83000000000175
33.91999999999825
-8.389999999999418
179.1500000000015
26.69999999999709
552.119999999999
9.780000000002474
271.9000000000015
195.2099999999991
41.42999999999665
176.75
67.69999999999709
31.11000000000058
121.4500000000007
-24.72000000000116
2.5
164.239999999998
-5.469999999997526
61.93000000000029
30.47999999999956
-14.48999999999796
120.3600000000006
175.3999999999978
68.87999999999738
-5.0
7.029999999998836
30.95999999999913
93.27000000000044
105.1500000000015
8.959999999999127
182.0999999999985
149.8400000000001
74.54000000000087
396.8999999999978
7.909999999999854
31.14000000000306
84.86000000000058
73.63999999999942
238.2999999999993
205.369999999999
22.47999999999956
105.9799999999996
-10.63999999999942
104.9600000000028
227.6299999999974
-2.119999999998981
244.4000000000015
46.45000000000073
229.5200000000004
124.9500000000007
60.86999999999898
32.77000000000044
85.61000000000058
-12.84000000000015
79.02999999999884
155.9099999999999
35.04000000000087
-0.7299999999995634
26.34999999999854
60.31000000000131
35.83000000000175
116.5
216.5
25.45000000000073
-18.02000000000044
29.45999999999913
161.2899999999972
98.80999999999767
-10.95999999999913
82.02000000000044
-27.88000000000102
15.59000000000015
234.2200000000012
11.48999999999796
8.989999999997963
-4.0
220.869999999999
242.5699999999997
11.19000000000233
33.52999999999884
42.95999999999913
3.0
111.3400000000001
56.0099999999984
10.47999999999956
-9.979999999999563
178.0400000000009
-10.2400000000016
121.4000000000015
384.760000000002
61.45000000000073
-5.879999999997381
40.0099999999984
258.3500000000022
-15.54999999999927
123.7999999999993
94.13999999999942
129.3899999999994
15.2599999999984
261.4599999999991
1.989999999997963
165.8499999999985
-11.0099999999984
84.27000000000044
11.97000000000116
27.97999999999956
168.4099999999999
96.2400000000016
-7.079999999998108
120.2100000000028
80.61999999999898
-1.459999999999127
33.5
-23.9900000000016
13.93999999999869
44.93999999999869
-7.43999999999869
-6.840000000000146
19.4900000000016
95.43000000000029
-0.5
240.880000000001
-27.11000000000058
454.5200000000004
9.029999999998836
-2.190000000002328
265.3199999999997
-62.2599999999984
-11.17000000000189
58.06000000000131
25.47000000000116
187.4799999999996
37.41999999999825
23.22999999999956
18.22000000000116
82.07999999999811
72.30999999999767
-18.11999999999898
54.36999999999898
66.47000000000116
179.8299999999981
199.489999999998
49.05000000000291
64.83000000000175
91.22999999999956
-9.5
75.41000000000349
134.0699999999997
192.6399999999994
76.11000000000058
8.930000000000291
66.7400000000016
328.739999999998
98.98999999999796
35.0
38.5
9.5
205.0
213.0
569.4900000000016
40.79000000000087
338.5599999999977
23.97999999999956
5.990000000001601
304.3100000000013
70.05999999999767
17.97999999999956
27.9900000000016
26.81000000000131
122.8299999999981
52.93000000000029
267.2999999999993
18.4900000000016
41.92000000000189
141.8100000000013
127.7199999999975
34.23999999999796
151.9799999999996
125.9100000000035
62.0
78.40999999999985
197.119999999999
325.5
60.15999999999985
82.29000000000087
133.1800000000003
143.9799999999996
452.5599999999977
5.989999999997963
47.88000000000102
-17.75
255.8899999999994
1.0
-16.5
-0.5100000000020373
1.5
29.47000000000116
62.52000000000044
35.97999999999956
42.04000000000087
698.8400000000001
176.3000000000029
254.6900000000023
5.170000000001892
55.18000000000029
-9.020000000000437
105.2700000000004
205.6599999999999
159.9900000000016
152.5800000000017
36.5
-4.009999999998399
-52.06000000000131
209.5
127.0499999999993
58.0
730.6899999999987
27.79999999999927
80.90999999999985
-12.19000000000233
-37.01000000000204
157.8499999999985
-17.09000000000015
336.7000000000007
251.5499999999993
109.5
-20.0
56.5
111.0
283.0
28.5
64.0
770.5
120.8499999999985
87.26000000000204
49.16999999999825
78.82000000000335
144.630000000001
253.2099999999991
79.61000000000058
295.4399999999987
194.0
-13.0
69.0099999999984
163.9799999999996
285.4900000000016
60.0
8.0
39.02000000000044
114.9900000000016
7.529999999998836
363.130000000001
165.75
60.51000000000204
82.95999999999913
95.04000000000087
135.9700000000012
62.93000000000029
47.97000000000116
261.9300000000003
186.9500000000007
55.78999999999724
143.7200000000012
62.25
234.7299999999996
38.12999999999738
111.9400000000023
56.38999999999942
-8.110000000000582
142.0699999999997
-5.5
20.01000000000204
95.7300000000032
139.7700000000004
44.20000000000073
-38.79000000000087
161.2900000000009
88.80999999999767
-21.77000000000044
37.84999999999854
39.89999999999782
258.0399999999972
72.02000000000044
162.869999999999
36.11000000000058
41.91999999999825
47.45000000000073
188.3299999999981
172.380000000001
144.5900000000038
74.02999999999884
234.0399999999972
679.8299999999981
185.6499999999978
57.94000000000233
250.6699999999983
199.3899999999994
18.12999999999738
73.82999999999811
191.0799999999981
130.3100000000013
105.6399999999994
64.40999999999985
64.95000000000073
33.7400000000016
-10.90999999999985
224.6200000000026
84.20999999999913
49.95000000000073
104.4200000000019
570.7200000000012
75.97000000000116
120.0200000000004
2.990000000001601
242.3099999999977
12.63000000000102
91.31999999999971
119.9199999999983
60.73999999999796
321.3000000000029
-38.47999999999956
12.4900000000016
100.2300000000032
76.43999999999869
18.9900000000016
67.43000000000029
35.81000000000131
18.41999999999825
123.7999999999993
303.7100000000028
-1.520000000000437
21.05000000000291
6.989999999997963
98.95999999999913
700.8300000000017
44.4900000000016
87.93000000000029
134.8899999999994
117.130000000001
14.31000000000131
28.4900000000016
80.47999999999956
122.4000000000015
156.8799999999974
110.4200000000019
163.5400000000009
-28.67000000000189
140.8400000000001
276.9300000000003
196.1500000000015
300.630000000001
103.4900000000016
-70.40999999999985
132.1599999999999
30.02999999999884
312.1500000000015
-16.23999999999796
359.3299999999981
14.15999999999985
113.0399999999972
47.11000000000058
72.34999999999854
159.3500000000022
46.85999999999694
160.6699999999983
118.3899999999994
-41.95999999999913
118.9199999999983
386.6100000000006
129.5499999999993
74.40999999999985
103.3999999999978
-47.46000000000276
541.7099999999991
178.8499999999985
-11.06000000000131
56.40999999999985
110.3299999999981
0.9900000000016007
262.5699999999997
10.02999999999884
21.5099999999984
50.43999999999869
-16.02000000000044
95.06000000000131
22.59000000000015
174.6099999999969
70.70999999999913
21.79999999999927
33.39999999999782
509.239999999998
181.3600000000006
118.3499999999985
30.65999999999985
59.93000000000029
270.4600000000028
36.0099999999984
42.17000000000189
85.61999999999898
218.4099999999999
4.799999999999272
21.20999999999913
70.35000000000218
150.619999999999
7.869999999998981
188.4599999999991
-13.02000000000044
104.2700000000004
41.45999999999913
133.4400000000023
0.1300000000010186
11.48999999999796
43.06999999999971
95.71999999999753
416.239999999998
-63.90999999999985
87.43000000000029
106.6400000000031
-15.31000000000131
450.0999999999985
-12.55000000000291
108.75
38.43000000000029
114.4400000000023
184.0600000000013
225.5600000000013
13.47000000000116
17.09999999999854
54.22999999999956
117.489999999998
37.43999999999869
73.63999999999942
17.98999999999796
252.8899999999994
1.770000000000437
-2.970000000001164
56.85000000000218
18.92000000000189
68.43000000000029
5.0
104.1599999999999
89.29999999999927
-14.88000000000102
9.5
41.33000000000175
16.4900000000016
238.4000000000015
2.569999999999709
6.069999999999709
46.59000000000015
341.8300000000017
82.84000000000015
3.880000000001019
229.9700000000012
49.54000000000087
286.1499999999978
182.369999999999
161.8999999999978
120.5499999999993
-16.90999999999985
339.4500000000007
110.119999999999
39.90999999999985
92.93999999999869
74.42999999999665
91.7400000000016
-21.75
85.29999999999927
164.1100000000006
-37.85000000000218
94.92000000000189
177.4500000000007
168.3400000000001
130.9799999999996
123.880000000001
64.47999999999956
37.31999999999971
46.79999999999927
215.8300000000017
145.1399999999994
76.09999999999854
92.9900000000016
-22.79999999999927
153.2599999999984
29.53999999999724
64.04000000000087
222.5200000000004
74.18000000000029
122.4199999999983
28.9900000000016
165.9499999999971
6.100000000002183
561.8299999999981
152.9199999999983
-3.049999999999272
121.0699999999997
56.88999999999942
49.42000000000189
134.2400000000016
-23.07999999999811
-23.32999999999811
-4.220000000001164
10.47999999999956
-2.269999999996799
439.4599999999991
8.059999999997672
93.91999999999825
8.5
128.4599999999991
100.0499999999993
293.8199999999997
97.01000000000204
102.4099999999999
15.20999999999913
1.880000000001019
61.79000000000087
131.1100000000006
282.4399999999987
107.9300000000003
-34.06999999999971
223.0200000000004
44.97999999999956
110.5799999999981
150.9600000000028
-74.5099999999984
-13.77000000000044
80.20000000000073
11.97999999999956
9.909999999999854
250.9599999999991
386.5700000000033
67.97999999999956
348.3199999999997
115.2299999999996
-41.97999999999956
208.2999999999993
76.58000000000175
118.369999999999
-20.09000000000015
-49.90999999999985
250.0699999999997
55.96999999999753
17.23999999999796
133.4900000000016
123.5699999999997
41.5099999999984
87.2400000000016
34.86999999999898
-28.01000000000204
285.5999999999985
149.4300000000003
175.5199999999968
48.37999999999738
435.4000000000015
187.0099999999984
214.739999999998
65.06999999999971
-16.34999999999854
139.4600000000028
117.5600000000013
46.63999999999942
240.4599999999991
-8.0
239.7900000000009
52.80999999999767
227.3600000000006
154.25
185.7000000000007
53.97000000000116
271.8899999999994
38.97999999999956
-26.97999999999956
357.3299999999981
49.97999999999956
-27.9900000000016
-35.9900000000016
168.4099999999999
486.7799999999988
28.86000000000058
-11.9900000000016
126.9300000000003
19.48999999999796
79.95999999999913
-10.34999999999854
337.380000000001
316.4300000000003
-11.56000000000131
-40.97000000000116
176.9599999999991
238.0299999999988
78.95999999999913
381.4099999999999
-32.01000000000204
198.7000000000007
338.5799999999981
14.9900000000016
104.9300000000003
66.46999999999753
22.97000000000116
154.4500000000007
29.91999999999825
149.1500000000015
24.02000000000044
144.9199999999983
55.0
206.6299999999974
135.9300000000003
133.2800000000025
31.57999999999811
64.88000000000102
116.380000000001
62.97999999999956
212.369999999999
104.9400000000023
35.47000000000116
158.4299999999967
176.4000000000015
73.29000000000087
-2.94999999999709
37.7400000000016
-4.019999999996799
237.5299999999988
8.930000000000291
956.5299999999988
837.119999999999
15.87999999999738
-56.47999999999956
188.4099999999999
445.9799999999996
-57.0
68.0
251.5
447.5
71.5
126.0
64.0
179.0
300.0
-1.0
123.5
89.0
74.0
94.5
112.4799999999996
121.1599999999999
99.18999999999869
72.01000000000204
117.5200000000004
39.95999999999913
188.9900000000016
40.97000000000116
57.02000000000044
206.9400000000023
71.20000000000073
136.1800000000003
84.44000000000233
230.9599999999991
28.96999999999753
-17.5
-3.06000000000131
59.45000000000073
92.21999999999753
196.9300000000003
33.70000000000073
99.47000000000116
149.2099999999991
137.9000000000015
316.3100000000013
28.93999999999869
644.5800000000017
165.3199999999997
66.25
68.34000000000015
121.9900000000016
57.95999999999913
-2.989999999997963
257.0900000000001
245.0
108.8199999999997
216.9400000000023
470.4199999999983
51.96999999999753
155.3899999999994
62.5
-57.61000000000058
-30.40000000000146
3.209999999999127
-19.86000000000058
8.299999999999272
115.0999999999985
197.8899999999994
170.5900000000001
75.27000000000044
-3.549999999999272
104.5900000000001
192.119999999999
15.9900000000016
87.34999999999854
31.04999999999927
194.3400000000001
-16.56000000000131
416.0
12.31000000000131
124.0200000000004
294.260000000002
10.0
101.5
158.5
91.5
54.5
307.0
160.5
174.0
1.979999999999563
-28.65000000000146
413.1800000000003
-49.33000000000175
11.04999999999927
343.9199999999983
45.81999999999971
30.38999999999942
211.3700000000026
77.36999999999898
204.880000000001
-23.5199999999968
-4.389999999999418
100.2000000000007
276.3199999999997
147.4799999999996
50.03000000000247
94.36999999999898
-8.5
50.06999999999971
318.3600000000006
239.0699999999997
71.33000000000175
152.989999999998
68.66999999999825
31.31999999999971
73.18000000000029
182.3599999999969
-8.959999999999127
39.48999999999796
133.119999999999
54.86999999999898
388.5400000000009
308.5599999999977
-1.880000000001019
-22.0
95.97999999999956
45.25
284.1399999999994
114.6399999999994
130.0200000000004
56.30999999999767
69.03000000000247
151.6599999999999
-4.409999999999854
52.77000000000044
253.119999999999
99.64999999999782
-1.579999999998108
559.0400000000009
-39.93000000000029
71.88999999999942
192.119999999999
-32.95000000000073
183.3499999999985
63.20999999999913
373.8400000000001
124.0899999999965
95.38000000000102
90.90999999999985
-19.17000000000189
5.309999999997672
3.790000000000873
56.69000000000233
-6.990000000001601
105.7999999999993
316.25
60.81999999999971
22.01000000000204
36.0
292.5
28.5
98.56999999999971
206.8799999999974
89.79999999999927
-13.97999999999956
27.55999999999767
67.90999999999985
355.2799999999988
659.1100000000006
1.869999999998981
96.06999999999971
164.2900000000009
3.610000000000582
124.5200000000004
28.95999999999913
4.55000000000291
40.95999999999913
71.93000000000029
76.45999999999913
101.4900000000016
95.15999999999985
229.5
31.95000000000073
45.95999999999913
113.3400000000001
134.75
94.36000000000058
101.9099999999999
74.40000000000146
537.6800000000003
124.7100000000028
67.84000000000015
6.569999999999709
110.6800000000003
79.30999999999767
199.5200000000004
47.19999999999709
115.0
209.8600000000006
11.96000000000276
113.4700000000012
193.6100000000006
288.3500000000022
247.2200000000012
9.459999999999127
18.48999999999796
8.479999999999563
16.53000000000247
56.36999999999898
25.93000000000029
81.54999999999927
156.2599999999984
54.87999999999738
119.8099999999977
311.2700000000004
18.56000000000131
234.3600000000006
208.2000000000007
102.4199999999983
221.0
51.36999999999898
42.48999999999796
30.93000000000029
297.510000000002
16.52000000000044
11.54000000000087
29.0099999999984
19.19000000000233
243.6100000000006
24.28999999999724
2.539999999997235
72.13000000000102
-5.510000000002037
16.5
236.4399999999987
29.70000000000073
232.1700000000019
294.7100000000028
101.0500000000029
234.0699999999997
403.7700000000004
-19.41000000000349
122.2700000000004
157.5
78.16999999999825
49.79000000000087
211.2099999999991
-39.90999999999985
87.02000000000044
-10.46000000000276
82.42000000000189
135.9099999999999
61.08000000000175
-9.509999999998399
117.8899999999994
176.1599999999999
-2.520000000000437
545.0900000000001
560.4099999999999
41.15999999999985
14.06000000000131
174.9200000000019
146.3299999999981
106.4000000000015
153.3900000000031
106.5
429.8099999999977
-42.20999999999913
-47.32999999999811
56.52999999999884
-20.67000000000189
48.38999999999942
52.59000000000015
67.94000000000233
202.380000000001
454.4599999999991
81.88999999999942
174.130000000001
26.97999999999593
564.4300000000003
42.9700000000048
64.77000000000044
101.630000000001
-31.34999999999854
10.64999999999782
149.4500000000007
50.86000000000058
478.8400000000001
26.22999999999956
27.44000000000233
12.04999999999927
125.0799999999981
5.979999999999563
33.71999999999753
21.11000000000058
51.61999999999898
26.12999999999738
161.8000000000029
184.9199999999983
53.71999999999753
-24.54000000000087
50.21000000000276
54.72999999999956
75.53999999999724
135.4799999999996
73.90000000000146
55.97999999999956
326.8400000000001
175.0099999999984
28.26000000000204
30.96000000000276
16.02000000000044
45.22999999999956
43.95000000000073
-10.02999999999884
144.8300000000017
59.43000000000029
-14.4900000000016
173.5
93.66999999999825
68.46000000000276
179.380000000001
82.34000000000015
3.0
201.8499999999985
283.3400000000001
24.84000000000015
48.54000000000087
134.4300000000003
29.0
176.6700000000019
141.3499999999985
73.31999999999971
236.6599999999999
51.45999999999913
5.5
105.4500000000007
147.0400000000009
64.84999999999854
531.0700000000033
536.119999999999
128.0400000000009
211.6599999999962
5.80000000000291
99.69999999999709
128.489999999998
165.9099999999962
14.0
34.9800000000032
148.5099999999984
130.9500000000007
11.5099999999984
-20.02999999999884
27.36999999999898
366.9599999999991
101.2700000000041
29.90999999999622
88.5
196.2200000000012
92.09999999999854
8.310000000004948
-21.59999999999854
