28360.19
28367.21
28418.18
28427.08
28387.65
28335.18
28340.68
28456.89
28424.72
28360.32
28401.74
28506.27
28576.31
28520.57
28461.53
28390.18
28421.71
28342.78
28349.41
28321.44
28311.94
28320.94
28319.44
28322.44
28323.44
28367.91
28397.38
28413.37
28232.68
28294.72
28292.07
28280.59
28279.09
28288.16
28291.15
28280.66
28298.15
28296.1
28290.6
28304.6
28302.1
28302.1
28307.1
28312.09
28299.01
28276.53
28257.11
28258.11
28255.05
28259.05
28312.06
28268.05
28273.08
28267.09
28279.08
28286.07
28279.08
28276.55
28283.55
28291.04
28313.02
28312.03
28317.52
28329.02
28325.02
28307.54
28309.04
28311.04
28291.11
28294.11
28311.1
28306.1
28302.55
28292.06
28292.31
28289.47
28382.06
28382.06
28382.06
28399.14
28410.8
28410.8
28410.8
28441.36
28435.04
28450.76
28452.55
28450.64
28444.55
28429.54
28420.75
28412.51
28427.38
28420.88
28420.88
28360.59
28357.74
28335.65
28310.54
28291.16
28242.22
28234.33
28259.87
28286.26
28305.28
28317.58
28324.2
28325.26
28323.72
28278.33
28296.03
28288.59
28276.76
28422.75
28391.16
28322.03
28254.24
28256.72
28251.07
28234.34
28236.7
28270.4
28268.91
28257.55
28288.4
28279.34
28280.69
28288.56
28281.8
28258.97
28271.08
28311.02
28275.28
28293.85
28285.52
28316.33
28322.74
28311.16
28353.06
28351.28
28349.18
28356.46
28360.72
28348.48
28361.38
28366.63
28333.24
28317.26
28317.87
28332.6
28347.79
28349.51
28328.2
28303.69
28246.45
28267.14
28274.1
28290.05
28277.56
28262.38
28261.38
28253.38
28246.39
28245.89
28247.89
28232.51
28219.52
28222.02
28236.51
28249.51
28257.0
28258.0
28253.01
28253.01
28255.51
28255.51
28235.03
28223.54
28150.78
28152.78
28156.27
28170.08
28169.76
28167.28
28164.79
28173.28
28161.77
28143.81
28143.81
28182.76
28208.74
28204.74
28208.26
28199.77
28193.74
28212.27
28205.58
28202.53
28200.53
28209.21
28198.7
28207.69
28220.19
28206.21
28210.72
28194.24
28198.2
28217.19
28218.19
28214.19
28232.24
28231.24
28209.21
28205.22
28203.24
28198.75
28230.22
28186.26
28213.73
28213.22
28206.24
28199.25
28191.26
28194.24
28193.26
28195.74
28204.57
28226.22
28288.93
28273.94
28265.0
28274.5
28248.65
28265.11
28262.54
28259.96
28249.71
28246.19
28205.4
28145.18
28136.93
28133.18
28108.72
28080.27
28188.09
28193.73
28217.2
28198.84
28256.54
28269.85
28259.67
28250.84
28240.2
28212.76
28209.06
28221.71
28230.98
28190.27
28195.28
28195.28
28195.28
28195.28
28195.28
28195.28
28195.28
28195.28
28195.28
28186.66
28195.76
28195.76
28220.28
28345.01
28381.58
28420.81
28418.64
28430.59
28451.6
28483.97
28491.02
28479.77
28472.78
28469.79
28473.29
28452.56
28369.06
28368.51
28320.32
28286.1
28222.47
28272.12
28315.72
28306.49
28313.27
28152.36
28192.34
28209.34
28215.33
28212.92
28221.82
28157.52
28163.02
28166.52
28154.04
28139.54
28145.55
28142.06
28102.43
28102.51
28092.52
28018.79
28030.58
28063.51
28031.54
28041.6
28060.6
28012.27
28029.33
28040.05
27975.22
27839.69
27669.89
27532.93
27579.0
27625.14
27613.41
27655.91
27726.95
27723.59
27722.59
27772.08
27712.17
27741.93
27713.74
27806.2
27809.15
27763.45
27716.01
27705.35
27707.05
27653.09
27631.46
27658.39
27645.33
27560.05
27653.92
27645.41
27552.95
27304.87
27321.87
27329.37
27350.36
27349.87
27332.89
27335.39
27343.89
27316.93
27323.93
27322.93
27311.95
27300.47
27306.97
27343.91
27344.97
27329.94
27225.09
27072.23
27064.76
27047.27
27029.14
26880.32
27070.89
26757.94
26716.63
26826.85
26688.15
26706.61
26682.16
26711.28
26713.21
26767.09
26622.73
26645.03
26656.03
26654.04
26774.48
26774.99
26792.48
26809.97
26764.51
26787.5
26805.51
26815.01
26810.51
26807.43
26910.48
26751.26
26799.56
26733.01
26748.6
26730.9
26671.43
26586.97
26450.74
26576.94
26564.46
26517.49
26533.73
26608.14
26691.22
26655.2
26601.82
26593.78
26641.32
26892.05
26827.73
26801.61
26816.37
26475.31
26473.48
26507.47
26544.96
26528.47
26539.47
26501.99
26505.5
26500.5
26488.01
26478.52
26475.02
26493.02
26168.43
26174.43
26192.17
26255.14
26340.88
26285.9
26468.34
26570.42
26508.84
26498.73
26628.42
26566.79
26331.21
26329.28
26464.19
26340.0
26396.27
26275.45
26327.53
26602.16
26636.95
26428.13
26388.18
26393.68
26515.14
26575.62
26566.63
26598.62
26568.64
26562.65
26583.15
26606.69
26577.69
26612.55
26559.84
26610.07
26778.87
26899.73
26894.83
27026.29
27006.71
26970.82
26950.27
26916.82
26907.28
26902.54
27049.92
26916.9
26975.66
26961.29
26860.33
26788.13
26931.19
26943.16
26970.37
26956.95
26954.26
27028.05
27015.06
27036.05
27060.55
27131.03
27126.54
27156.03
27121.55
27105.06
27081.08
27122.07
27101.58
27116.58
27101.6
27124.56
27139.78
27226.02
27273.51
27385.84
27377.38
27355.37
27369.46
27332.06
27335.04
27318.63
27607.05
27605.81
27604.82
27614.71
27531.6
27475.2
27477.36
27459.8
27510.09
27640.51
27472.19
27720.39
27777.87
27766.88
27694.42
27477.03
27504.53
27772.42
27761.93
27746.44
27652.0
27562.91
27575.05
27539.05
27491.1
27555.44
27632.48
27469.51
27479.01
27532.49
27693.98
27705.62
27700.55
27654.66
27762.78
28133.89
28119.28
28150.83
28222.05
28303.16
28287.22
28242.8
28160.85
27954.09
27969.39
27911.57
27837.12
27930.04
27882.08
27908.57
27916.57
28001.05
28008.55
28083.01
28048.04
28049.54
28023.06
28109.82
28001.46
28053.57
28114.77
28113.93
28186.52
28211.73
28187.52
28247.49
28240.5
28242.5
28267.5
28301.95
28272.25
28269.77
28246.79
28296.03
28492.81
28480.0
28489.29
28403.88
28398.53
28428.15
28454.5
28477.53
28461.31
28481.11
28361.65
28340.17
28341.18
28355.18
28339.19
28321.54
28320.23
28285.25
28276.27
28271.26
28303.27
28289.79
28347.64
28416.24
28240.35
28280.85
28265.37
28294.32
28216.37
28443.27
28560.22
28360.46
28394.79
28402.46
28385.93
28406.84
28342.37
28351.7
28364.02
28349.83
28365.29
28318.31
28434.65
28385.28
28603.44
28605.94
28677.92
28675.42
28655.44
28648.95
28658.95
28661.95
28711.94
28710.95
28705.46
28720.97
28659.97
28711.5
28691.18
28680.99
28735.44
28713.03
28736.97
28731.54
29853.52
29897.5
29825.01
29892.0
30090.91
30033.44
29671.75
29452.75
29531.25
29666.25
29699.75
29691.25
29697.25
29595.75
29604.25
29551.25
29311.0
29137.0
29175.0
29182.0
29026.0
28947.5
29027.5
28997.0
29326.5
29266.0
29271.0
29309.5
29394.0
29412.5
29311.5
29331.5
29384.5
29397.0
29387.5
29374.0
29348.5
29302.0
29318.0
29340.25
29433.08
29361.21
29356.34
29424.04
29403.96
29402.87
29387.42
29436.08
29422.41
29478.43
29471.55
29467.23
29447.05
29447.05
29499.85
29474.87
29401.93
29377.45
29382.95
29523.9
29530.41
29510.93
29485.45
29492.46
29508.95
29565.94
29635.92
29622.43
29584.96
29561.98
29636.95
29628.96
29629.97
29638.97
29649.98
29661.48
29633.5
29637.01
29645.52
29623.03
29597.32
29518.45
29426.98
29444.84
29509.83
29511.09
29521.54
29523.29
29529.12
29517.56
29372.77
29458.28
29476.58
29436.2
29388.24
29413.11
29399.63
29339.68
29341.69
29229.27
29225.78
29230.28
29246.2
29233.8
29201.19
29241.68
29237.19
29282.67
29224.8
29256.21
29264.74
29308.78
29308.72
29283.74
29229.79
29155.83
29200.33
29223.81
29266.06
29309.38
29308.27
29280.59
29283.17
29289.92
29090.11
29134.66
29088.87
29025.88
29197.6
29125.94
29140.92
29046.98
