1.379139
1.384207
1.358868
1.384207
1.374071
1.389275
1.39941
1.384207
1.379139
1.384207
1.409545
1.394342
1.389275
1.384207
1.389275
1.384207
0.907191
0.902096
0.917381
0.932665
0.932665
0.93776
0.92757
0.92757
0.92757
0.922476
0.912286
0.92757
0.93776
0.942855
0.942855
0.93776
0.92757
0.93776
0.932665
0.932665
0.93776
0.958139
0.968328
0.93776
0.92757
0.92757
0.92757
0.932665
0.917381
0.947949
0.942855
0.968328
0.968328
0.968328
0.968328
0.973423
0.993801
0.988707
0.978517
0.953044
0.932665
0.947949
0.942855
0.968328
0.968328
0.973423
0.968328
0.968328
0.932665
0.917381
0.917381
0.942855
0.907191
0.907191
0.897001
0.902096
0.897001
0.897001
0.886811
0.866432
0.861337
-5.7638
-5.779815
-5.753124
-5.753124
-5.747785
-5.715756
-5.710418
-5.694403
-5.689065
-5.678389
-5.689065
-5.651699
-5.646361
-5.651699
-5.662375
-5.641024
-5.614334
-5.603659
-5.619672
-5.619672
-5.630348
-5.651699
-5.689065
-5.683727
-5.715756
-5.721094
-5.726432
-5.737109
-5.779815
-5.753124
-5.753124
-5.747785
-5.747785
-5.73177
-5.721094
-5.721094
-5.651699
-5.662375
-5.635686
-5.641024
-5.62501
-5.603659
-5.62501
-5.608997
-6.296423
-6.280337
-6.317872
-6.376856
-6.371494
-6.371494
-6.376856
-6.350045
-6.387581
-6.414393
-6.414393
-6.409031
-6.414393
-6.441206
-6.435843
-6.441206
-6.425118
-6.409031
-6.500196
-6.505559
-6.500196
-6.48947
-6.510922
-6.435843
-6.484107
-6.468019
-6.419756
-6.430481
-6.409031
-6.414393
-6.457294
-6.414393
-6.430481
-6.435843
-6.430481
-6.441206
-6.468019
-6.462657
-6.484107
-6.457294
-6.457294
-6.478745
-6.48947
-7.034019
-6.980145
-6.899337
-6.947821
-6.915498
-6.834694
-6.850854
-6.850854
-6.904724
-6.915498
-6.910111
-6.974757
-6.926272
-6.931659
-6.990919
-6.985532
-7.007082
-7.034019
-7.120223
-7.130999
-7.206433
-7.260317
-7.368091
-7.50821
-7.50282
-7.513599
-7.475873
-7.459705
-7.432759
-7.443537
-7.459705
-7.443537
-7.443537
-7.518989
-7.551326
-7.599834
-7.626783
-8.723022
-8.712185
-8.712185
-8.712185
-8.663418
-8.636326
-8.582143
-8.647162
-8.706766
-8.685092000000001
-8.695929
-8.733859000000001
-8.723022
-8.701347
-8.744697
-8.782629
-8.771791
-8.804304999999999
-8.798886
-8.788048
-8.766372
-8.809723999999999
-8.836819999999999
-8.869335
-8.847657999999999
-8.825981000000001
-8.798886
-8.760953000000001
-8.701347
-8.771791
-8.782629
-8.788048
-8.804304999999999
-8.891012
-8.923529
-8.966886000000001
-8.928948
-8.977725
-8.977725
-8.966886000000001
-9.015663999999999
-8.956046000000001
-9.129486
-9.075283000000001
-9.086124
-9.053603000000001
-9.069863
-9.031923000000001
-9.075283000000001
-9.145747
-9.156587999999999
-9.129486
-9.18369
-9.199952
-9.199952
-9.189111
-9.194531
-9.221634
-9.216214000000001
-9.330052999999999
-9.313789
-9.189111
-10.548634
-10.55954
-10.624979
-10.679514
-10.586806
-10.614072
-10.614072
-10.635886
-10.641339
-10.641339
-10.684967
-10.663153
-10.728597
-10.690421
-10.624979
-10.603166
-10.619526
-10.570446
-10.564993
-10.564993
-10.554087
-10.548634
-10.494104
-10.521369
-10.548634
-10.521369
-10.548634
-10.581353
-10.570446
-10.581353
-10.55954
-10.554087
-10.586806
-10.55954
-10.586806
-10.608619
-10.679514
-10.712236
-10.78859
-10.744958
-10.750412
-10.744958
-10.744958
-10.712236
-10.641339
-10.608619
-10.641339
-10.684967
-10.6577
-10.717689
-10.701328
-10.701328
-10.663153
-10.723143
-10.734051
-10.717689
-10.690421
-10.684967
-10.641339
-10.55954
-11.77512
-11.797072
-11.74768
-11.764144
-11.758656
-11.753168
-11.714754
-11.714754
-11.736705
-11.731217
-11.764144
-11.709266
-11.703779
-14.4385
-14.539385
-14.53378
-14.539385
-14.539385
-14.528175
-14.460918
-14.432895
-14.500151
-14.58983
-14.500151
-14.449709
-14.432895
-14.365643
-14.371247
-14.376851
-14.332018
-14.270374
-14.73458
-14.813625
-14.864443
-14.774102
-14.76281
-14.779748
-14.700704
-14.610374
-14.678121
-14.807979
-14.887029
-14.943496
-14.932203
-14.903969
-14.943496
-14.932203
-14.926556
-14.909616
-14.898322
-14.887029
-14.807979
-14.841857
-14.915262
-14.988672
-14.994319
-15.028201
-15.05079
-14.994319
-14.983025
-14.988672
-14.971731
-14.971731
-14.943496
-14.977378
-14.898322
-14.898322
-14.909616
-14.966084
-15.005613
-14.892676
-14.841857
-14.903969
-14.949143
-14.971731
-14.977378
-14.999966
-14.932203
-15.01126
-15.062085
-15.062085
-15.062085
-15.197627
-15.090322
-15.208923
-15.146797
-15.079027
-15.05079
-15.079027
-15.095969
-15.146797
-15.960956
-15.966649
-16.006504
-15.983729
-15.801551
-15.835707
-15.886944
-15.89833
-15.852786
-15.835707
-15.790165
-15.73324
-15.767395
-15.790165
-15.790165
-15.824322
-15.824322
-15.830015
-15.818629
-15.790165
-15.761702
-15.790165
-15.773088
-15.790165
-15.830015
-15.790165
-15.767395
-15.824322
-15.852786
-15.852786
-15.795858
-15.818629
-15.812936
-15.790165
-15.790165
-15.761702
-15.812936
-15.835707
-15.830015
-15.835707
-15.852786
-15.943876
-15.943876
-15.949569
-15.966649
-15.943876
-15.932489
-15.932489
-15.943876
-15.960956
-15.966649
-15.972343
-15.960956
-15.966649
-15.960956
-16.006504
-16.052053
-16.06344
-16.057747
-16.097604
-16.844799
-16.867759
-16.867759
-16.862019
-16.850539
-16.890719
-16.896459
-16.884979
-16.890719
-16.879239
-16.884979
-16.856279
-16.879239
-16.850539
-16.850539
-16.902199
-16.896459
-16.91368
-16.856279
-16.879239
-16.873499
-16.890719
-16.936641
-17.005526
-17.005526
-16.982564
-16.971083
-16.971083
-16.965342
-16.982564
-16.965342
-16.965342
-16.9309
-16.953862
-16.948121
-16.902199
-16.92516
-16.953862
-16.953862
-16.971083
-16.982564
-16.965342
-16.965342
-16.9309
-16.988304
-17.005526
-16.988304
-16.953862
-16.959602
-16.953862
-16.948121
-16.942381
-16.953862
-16.91942
-16.92516
-16.942381
-16.982564
-16.965342
-16.988304
-16.982564
-17.824321
-17.830109
-17.806958
-17.905352
-17.887988
-17.8822
-17.876412
-17.85326
-17.818533
-17.806958
-17.766445
-17.772233
-17.749083
-17.737508
-17.772233
-17.772233
-17.783808
-17.783808
-17.783808
-17.789595
-17.812746
-17.806958
-17.818533
-17.818533
-17.830109
-17.818533
-17.812746
-17.818533
-17.818533
-17.812746
-17.824321
-17.818533
-17.830109
-17.830109
-17.824321
-17.783808
-17.783808
-17.760658
-17.77802
-17.789595
-17.766445
-17.772233
-17.766445
-17.760658
-17.743295
-17.737508
-17.75487
-17.789595
-17.795383
-17.789595
-17.749083
-17.731721
-17.731721
-17.731721
-17.760658
-17.789595
-17.789595
-17.789595
-17.789595
-17.795383
-18.503983
-18.521488
-18.515653
-18.544828
-18.579839
-18.60318
-18.61485
-18.585674
-18.579839
-18.579839
-18.597344
-18.60318
-18.579839
-18.60318
-18.60318
-18.60318
-18.61485
-18.61485
-18.61485
-18.61485
-18.609015
-18.638192
-18.644027
-18.649863
-18.684876
-18.708219
-18.714055
-18.725727
-18.743234
-18.725727
-18.754906
-18.725727
-18.754906
-18.754906
-18.784086
-18.830776
-18.760742
-18.789922
-18.82494
-18.830776
-18.830776
-18.801595
-18.819103
-18.795759
-18.789922
-18.754906
-18.754906
-18.754906
-18.784086
-18.789922
-18.77825
-18.760742
-18.830776
-18.830776
-18.819103
-18.830776
-18.830776
-18.830776
-18.830776
-18.830776
