-5.156496
-5.03799
-5.083924
-5.045645
-5.060957
-5.030334
-4.904329
-4.934928
-4.942577
-4.919628
-4.881381
-4.79378
-4.801424
-4.809068
-4.801424
-4.816711
-4.759684
-4.759684
-4.744409
-4.729133
-4.729133
-4.603307
-4.6262
-4.6262
-4.6262
-4.6262
-4.569145
-4.546271
-4.531021
-4.531021
-4.531021
-4.420893
-4.43613
-4.420893
-4.428511
-4.428511
-4.318871
-4.28842
-4.273195
-4.318871
-4.334096
-4.239986
-4.239986
-4.239986
-4.255201
-4.209557
-4.123441
-4.085429
-4.085429
-4.093031
-4.085429
-4.077826
-3.87796
-3.885557
-3.900752
-3.938738
-3.969128
-3.853114
-3.853114
-3.822742
-3.822742
-3.807557
-3.706807
-3.706807
-3.752337
-3.767513
-3.767513
-3.659106
-3.704607
-3.704607
-3.734942
-3.727358
-3.717459
-3.717459
-3.717459
-3.747775
-3.762934
-7.379803
-7.403304
-7.371969
-7.371969
-7.313848
-7.25904
-7.25904
-7.235551
-7.227722
-7.075344
-7.090994
-7.044045
-7.036221
-7.044045
-6.891168
-6.867711
-6.820796
-6.805159
-6.828615
-6.620828
-6.636454
-6.667705
-6.722396
-6.714583
-6.678499
-6.686306
-6.694114
-6.709728
-6.764382
-6.712668
-6.704866
-6.697064
-6.697064
-6.673659
-6.590669
-6.590669
-6.489331
-6.497126
-6.458151
-6.281758
-6.250606
-6.227243
-6.250606
-6.23503
-6.175635
-6.152291
-6.206761
-6.29236
-6.284579
-6.240862
-6.256413
-6.209759
-6.264189
-6.310845
-6.329478
-6.306167
-6.329478
-6.36056
-6.352789
-6.387114
-6.371584
-6.340524
-6.480298
-6.488063
-6.576905
-6.545862
-6.584665
-6.476017
-6.545862
-6.541554
-6.479511
-6.495022
-6.464
-6.479511
-6.529502
-6.4675
-6.490751
-6.506251
-6.490751
-6.470981
-6.501961
-6.501961
-6.525197
-6.486471
-6.459033
-6.482253
-6.497733
-5.831989
-5.404435
-5.28895
-5.007979
-4.954138
-4.838771
-4.869534
-4.411989
-4.488815
-4.504181
-4.488815
-4.588694
-4.200717
-4.208392
-4.285138
-4.285138
-4.315838
-4.212147
-4.334829
-4.342497
-4.449852
-4.534207
-4.967321
-5.166606
-5.151276
-5.174271
-5.11295
-5.461835
-5.415868
-5.438851
-5.461835
-5.438851
-5.703787
-5.818659
-5.864611
-5.93354
-5.964175
-6.566914
-6.551597
-6.551597
-6.551597
-6.490328
-6.802792
-6.726213
-6.818108
-6.910007
-6.879374
-7.269344
-7.33062
-7.3153
-7.277003
-7.345939
-7.829011
-7.821348
-7.851997
-7.844335
-7.844335
-8.160194000000001
-8.213851
-8.252178000000001
-8.298171999999999
-8.267509
-8.615715
-8.569696
-8.523678
-8.431646000000001
-8.531347999999999
-8.819699999999999
-8.827374000000001
-8.850398999999999
-8.973201
-9.011578
-9.516996000000001
-9.470898999999999
-9.532361999999999
-9.532361999999999
-9.524679000000001
-10.032382
-9.947779000000001
-10.193909
-10.11699
-10.132373
-10.504176
-10.527279
-10.473373
-10.53498
-10.635096
-11.141271
-11.110421
-11.179835
-11.210687
-11.210687
-11.195261
-11.202974
-11.743815
-11.728364
-11.898342
-11.875162
-11.705186
-12.102199
-12.109938
-12.195072
-12.28795
-12.156374
-12.595029
-12.595029
-12.626045
-12.641554
-12.641554
-13.137836
-13.106756
-13.207767
-13.145606
-13.052367
-13.278492
-13.301846
-13.239568
-13.231784
-13.231784
-13.373393
-13.365593
-13.2798
-13.310997
-13.365593
-13.375083
-13.421968
-13.47667
-13.461041
-13.47667
-13.526031
-13.518201
-13.573011
-13.533861
-13.573011
-13.717335
-13.819335
-13.866414
-13.968422
-13.913494
-14.170018
-14.162154
-14.162154
-14.107108
-14.012747
-14.002099
-14.041495
-14.112411
-14.065134
-14.15181
-14.252438
-14.252438
-14.205059
-14.284026
-14.299819
-14.377674
-14.346018
-14.338104
-14.274795
-14.156096
-14.019611
-14.059257
-13.987895
-14.011682
-14.011682
-13.826669
-13.771055
-13.771055
-13.802834
-13.79489
-13.688511
-13.608904
-13.600943
-5.745592
-5.886148
-5.878339
-5.860846
-5.868642
-5.85305
-5.759501
-5.720523
-5.742183
-5.858926
-5.742183
-5.664359
-5.648794
-5.297516
-5.305283
-5.320819
-5.266445
-5.173237
-4.737921
-4.838698
-4.90847
-4.776681
-4.768929
-4.474362
-4.37378
-4.249993
-4.342832
-4.520787
-4.474569
-4.551815
-4.536365
-4.497742
-4.551815
-4.44412
-4.44412
-4.413274
-4.397851
-4.382428
-4.044165
-4.090349
-4.190418
-4.290492
-4.290492
-4.383614
-4.41436
-4.345183
-4.32981
-4.337496
-4.269498
-4.269498
-4.231127
-4.277172
-4.177409
-4.04852
-4.063844
-4.140464
-4.1941
-4.04852
-3.782451
-3.866596
-3.927794
-3.958394
-3.958394
-4.01416
-3.922482
-4.02944
-4.098202
-4.090561
-4.192365
-4.360263
-4.222891
-4.383159
-4.299207
-4.309744
-4.25638
-4.309744
-4.324991
-4.393605
-4.556759
-4.564376
-4.610078
-4.57961
-4.335882
-4.33928
-4.415368
-4.422977
-4.362106
-4.346889
-4.213385
-4.12978
-4.182982
-4.213385
-4.213385
-4.20947
-4.20947
-4.217063
-4.20947
-4.163909
-4.01581
-4.046152
-4.030981
-4.053737
-4.099252
-3.966583
-3.943848
-4.012052
-4.057523
-4.049944
-3.917811
-3.940526
-3.940526
-3.902668
-3.910239
-3.748212
-3.823861
-3.854122
-3.846557
-3.854122
-3.881466
-3.994864
-3.994864
-4.009984
-4.032665
-4.105444
-4.075223
-4.075223
-4.090334
-4.120555
-4.246403
-4.253954
-4.2313
-4.246403
-4.238851
-4.417482
-4.485412
-4.500508
-4.49296
-4.538248
-4.649108
-4.679287
-4.679287
-4.671742
-4.649108
-4.896185
-4.911271
-4.888642
-4.888642
-4.8811
-5.037997
-5.000292
-5.030456
-4.992751
-4.992751
-5.217827
-5.210286
-5.232907
-5.149966
-5.180126
-5.254616
-5.277234
-5.337548
-5.428024
-5.435563
-5.593392
-5.578313
-5.578313
-5.570773
-5.593392
-5.721275
-5.721275
-5.668496
-5.698655
-5.698655
-5.698595
-5.728755
-5.758915
-5.758915
-5.789075
-5.925001
-5.894838
-5.894838
-5.849593
-5.932542
-6.076387
-6.05376
-6.000965
-6.008507
-6.000965
-6.024637
-6.017094
-6.03218
-5.98692
-5.994464
-6.026389
-6.079209
-6.049026
-6.094301
-6.086755
-6.149581
-6.15713
-6.126934
-6.255272
-6.232623
-6.333766
-6.326212
-6.295999
-6.243126
-6.22802
-6.140383
-6.140383
-6.110158
-6.102601
-6.140383
-6.098355
-6.105915
-6.105915
-6.105915
-6.121036
-6.146952
-6.131823
-6.154516
-6.154516
-6.162081
-6.135092
-6.119955
-6.135092
-6.135092
-6.119955
-6.123412
-6.115839
-6.138557
-6.138557
-6.123412
-5.998272
-5.998272
-5.967965
-5.998272
-6.005848
-5.880361
-5.887941
-5.880361
-5.87278
-5.85762
-5.731603
-5.74677
-5.799856
-5.799856
-5.792272
-5.627851
-5.605092
-5.605092
-5.605092
-5.643024
-5.622311
-5.614722
-5.622311
-5.614722
-5.6299
-5.571182
-5.593957
-5.593957
-5.624324
-5.677467
-5.748072
-5.763263
-5.732881
-5.717691
-5.717691
-5.765655
-5.780852
-5.750458
-5.780852
-5.780852
-5.806316
-5.813918
-5.813918
-5.813918
-5.813918
-5.824357
-5.862387
-5.862387
-5.869993
-5.923237
-6.063457
-6.071068
-6.086291
-6.109125
-6.086291
-6.272875
-6.227175
-6.272875
-6.272875
-6.318576
-6.566828
-6.490598
-6.52109
-6.559205
-6.566828
-6.739304
-6.701158
-6.724046
-6.693529
-6.6859
-6.705768
-6.698134
-6.698134
-6.74394
-6.751575
-6.801933
-6.786653
-6.870693
-6.870693
-6.847773
-6.974539
-6.974539
-6.966894
-6.966894
-6.974539
