66.117041
66.133628
62.638396
62.789625
62.966066
62.806432
63.05849
63.016483
60.60211
60.235656
60.073706
59.826498
59.91173
56.971391
57.162001
57.473834
57.292811
57.179319
55.312548
55.550447
55.805935
55.946878
55.788314
55.761887
55.902833
55.16149
55.197349
55.269076
55.349774
55.367695
54.255305
54.703072
54.98629
54.802667
54.693927
53.981848
53.608847
53.972516
53.73007
53.254427
51.895078
51.752013
51.723401
51.952295
51.685255
50.379147
50.525619
50.40844
50.418212
50.7492
49.47118
49.741371
49.661322
49.335081
49.040825
46.821895
47.387187
47.757097
47.233027
47.089154
45.613103
45.380768
45.665891
45.222332
45.116715
43.393983
43.687383
44.100254
43.926423
43.676507
42.84546
42.856641
42.621704
42.319616
42.162952
40.965652
41.138742
41.104128
41.277189
41.404095
41.328329
41.292619
41.483071
41.387848
41.423555
42.094953
41.763025
41.922837
41.935141
41.972019
42.161369
41.894659
41.843841
42.110558
42.174062
42.440747
43.088238
43.691489
43.92746
43.7177
43.914356
44.912863
44.994065
45.237721
44.939943
44.60146
45.655421
45.599476
45.431595
45.627458
45.823281
46.60318
46.530829
46.429529
46.241416
46.255881
46.887316
47.097206
47.247101
47.037249
47.741726
60.006992
60.388084
60.787225
61.059304
60.624819
60.236865
60.532455
60.421621
59.830355
58.864573
58.148374
58.468794
57.224397
57.450711
57.001718
57.290368
55.923737
56.443543
56.866994
56.011946
56.974672
55.579534
55.756436
55.992303
55.60431
56.005725
55.182709
55.564156
56.286665
56.448625
56.325645
56.510139
57.206857
56.694586
55.152795
55.467354
55.760846
55.970486
55.173756
54.845905
54.910236
54.631462
55.167536
55.124674
56.848772
57.461624
57.702344
57.352191
57.483528
62.008599
63.166812
63.367221
63.177969
62.409598
63.641289
62.230592
58.082874
60.927937
60.723253
61.704985
61.58907
62.609056
63.644727
63.628484
70.124858
70.524647
71.488488
70.642191
70.68922499999999
74.56936
73.110867
72.153857
71.770926
72.06292999999999
73.571921
72.93807200000001
74.010631
74.083733
74.571016
76.750823
78.340604
77.0684
77.462793
76.42328500000001
79.01716500000001
81.266285
80.887462
90.50772600000001
89.880651
88.45832900000001
86.69421
87.522278
87.107491
86.51483
86.01091
86.186042
86.759518
85.008335
85.552012
85.94456
77.072056
76.577761
75.774266
75.650594
77.102929
74.293434
75.143081
75.457689
77.909572
77.406931
79.78869899999999
81.731814
82.65481800000001
83.450181
82.623013
88.313596
88.44214700000001
89.53464
91.07576899999999
92.16658200000001
99.081988
100.179376
103.17755
103.564069
102.210986
109.305437
109.046924
107.365995
107.59235
108.562258
111.37258
111.437315
112.957619
113.183911
112.698976
117.84449
116.651589
115.81285
114.360214
114.327892
120.404715
120.725826
120.34052
123.196279
125.311018
132.170432
132.614295
133.881999
134.927142
134.927142
141.131891
140.819462
140.319517
139.287813
139.94752
143.927805
145.03581
146.173839
146.880922
147.894848
154.988491
155.108802
154.777877
154.898242
153.483675
160.323585
158.793841
159.841258
159.588267
158.882128
158.920499
160.561166
160.589961
160.733811
161.136506
163.197456
162.636382
162.692505
162.664463
163.758309
164.196399
165.942139
166.979456
166.542727
162.156079
159.553359
160.70292
160.034619
161.183928
160.756379
159.099051
158.524606
158.75962
158.524606
158.681286
157.845124
157.615742
157.182467
157.309896
156.289963
152.953394
153.103131
153.277869
154.275926
153.153063
149.678223
149.457995
149.482455
150.118626
149.066388
144.354297
143.481632
142.815403
143.368624
142.598862
135.231672
136.321794
138.334332
137.600597
138.074018
134.481557
133.153557
132.757298
132.314304
131.707936
126.056815
126.586493
126.770697
125.84951
125.665208
120.958697
121.300463
120.821984
119.636636
118.633021
109.542924
109.179706
110.178442
109.384031
109.815326
101.286116
100.946432
100.289513
101.082313
99.042923
89.880211
90.33378999999999
92.59996
95.58684100000001
94.885812
93.05520199999999
93.505872
93.25803000000001
92.559386
91.770212
85.99511
84.91333
85.43176200000001
-65.011037
-47.496742
-45.037609
-72.093621
-61.330514
-61.330514
-57.246879
-60.81961
-64.195435
-61.949507
-59.768758
-62.768022
-63.352915
-81.034796
-90.109904
-87.22131
-89.684817
-102.479495
-151.06851
-132.848454
-128.888793
-134.157673
-135.439234
-148.571238
-152.136378
-143.236282
-136.35494
-132.715889
-130.610187
-115.665992
-118.600031
-124.70868
-119.390693
-112.955261
-107.6538
-107.6538
-107.284515
-103.964253
-108.165434
-98.45111
-87.7021
-72.093344
-68.90783399999999
-39.267523
-30.862498
-37.269444
-46.994222
-44.84449
-20.138922
-19.214918
-23.376652
-22.759563
-28.1671
-1.8119
-0.64968
17.188908
9.117580999999999
-12.808337
-26.378034
-13.560472
-18.127931
-20.507528
-36.143241
-26.013609
-38.491183
-33.852442
-15.813794
-34.456813
-17.005075
-23.780298
-48.251055
-43.596065
-47.80714
-92.674437
-89.402546
-88.89961599999999
-105.819904
-125.201484
-207.013864
-217.107169
-214.655359
-197.884305
-218.33446
-311.049004
-312.544795
-311.796509
-321.168965
-331.720039
-586.216393
-607.190986
-604.031478
-571.657356
-572.1759949999999
-962.86491
-999.281431
-996.020262
-1004.998002
-1024.708364
-2177.395852
-2015.139457
-2031.693387
-1989.584399
-1917.835876
-23617.992869
-18987.380873
-17854.558469
-19255.597861
-18660.876943
2867.703874
2876.403935
2870.124814
2881.992928
2883.158777
1383.523595
1370.143108
1362.595019
1379.996925
1410.954289
952.468969
929.316867
933.250675
939.966608
941.640309
707.265322
710.807878
711.640322
726.539714
731.062064
597.798198
590.129739
598.275942
593.010051
589.809529
480.106075
486.605877
492.044968
495.1443
490.751638
424.01657
424.447094
426.812468
417.113552
417.65396
365.904547
362.369878
361.345212
359.853732
362.835443
319.636388
317.495907
313.949914
313.206665
313.867286
281.080254
282.415497
286.489221
289.07651
290.405426
268.583055
268.046936
264.692347
266.907055
267.577657
248.722422
248.229201
247.920803
247.674092
247.242159
233.331126
231.676417
230.991275
231.048431
224.915388
209.93113
208.251428
205.973136
208.95602
207.655095
189.789161
189.476478
187.964612
190.716235
189.476478
174.606309
175.059306
177.221699
176.517956
175.361193
159.613822
161.668084
160.836897
163.866354
162.792049
154.329802
151.941683
153.661528
154.902501
154.950191
149.857984
151.910365
153.121959
152.236683
150.278033
141.18993
142.05928
142.562385
144.344932
144.619059
140.224702
139.109178
138.439636
138.08239
138.037692
133.929483
134.147348
133.798763
133.450049
132.272825
121.638687
124.619117
124.831825
123.555296
124.193622
121.901454
125.160471
125.860978
126.066969
127.055298
126.715555
132.438215
131.128434
130.056049
129.340792
136.234302
134.743928
136.387067
133.099179
132.754749
131.734531
132.177747
132.805577
132.214713
132.25163
132.912497
133.588643
131.808765
132.307266
132.805671
136.020113
134.751209
133.927568
135.19712
135.437172
133.486091
132.987851
132.223544
133.951002
133.884581
132.661219
131.114285
131.049787
131.146512
131.404432
128.373183
128.907212
128.655917
129.284064
128.97004
125.364105
125.824707
125.763287
125.026198
124.503961
118.385245
117.59985
117.146607
117.237265
117.025736
111.739256
111.590372
112.810785
112.126245
111.649935
105.430496
105.754092
106.342285
107.283014
108.458173
105.139846
105.139846
105.633421
106.213871
105.778561
102.092097
102.55265
102.178455
101.429862
101.861813
98.30125
99.417571
99.78953300000001
100.247217
100.561763
99.640291
99.72574899999999
98.985247
97.93096199999999
97.73141099999999
96.166183
95.767777
96.36539
95.995476
94.913616
91.107086
91.421105
91.22130199999999
90.42174799999999
90.164692
87.866758
87.525081
87.097893
87.35425600000001
88.74917600000001
86.32346099999999
86.465126
86.66344700000001
85.81341500000001
85.785087
82.280389
82.33702599999999
82.08216400000001
81.742341
81.742341
77.744191
77.318602
75.78559
75.274264
74.22561899999999
70.731584
70.64597499999999
71.473406
71.815657
72.61400999999999
68.94347399999999
69.918361
70.290986
71.293797
69.344966
63.576374
65.18028099999999
66.036635
65.747356
66.065583
64.250641
64.717771
65.06801900000001
65.826702
65.73918399999999
65.22120099999999
65.781235
66.10535900000001
65.692792
65.014904
63.653213
62.853116
63.086015
65.32383299999999
65.74129000000001
66.38219100000001
66.86563099999999
66.351989
66.59371
67.107281
69.044657
68.49378400000001
70.08483
69.87078700000001
69.470039
69.994687
70.987272
72.32026999999999
72.753989
71.613564
74.885442
76.766919
77.362261
75.889157
75.813919
79.18117599999999
79.719979
78.99099099999999
77.754244
77.944605
81.71850499999999
81.14221000000001
81.55842800000001
83.894015
85.140507
90.856775
90.856775
91.467654
91.885396
92.23889699999999
99.873356
100.002205
100.582015
100.002205
101.032827
108.168966
108.394447
109.299367
108.674678
108.74871
112.739462
110.877968
110.651978
110.619709
110.587398
114.202471
114.047398
115.555901
114.587009
114.49009
114.408009
114.796706
115.152988
114.926295
114.731907
113.004876
112.679564
112.0288
112.256619
112.451843
112.20992
113.613679
114.527157
115.374988
115.896519
116.883363
116.752678
116.491236
117.144791
114.954493
114.815348
112.122122
109.424687
107.019829
105.898632
96.351556
97.81896999999999
99.418409
96.718525
98.21894500000001
93.598528
93.665834
93.463908
95.14560299999999
95.48176599999999
89.720467
90.36927799999999
90.57304000000001
92.056467
91.91054699999999
89.062747
89.02846
89.319676
88.70299199999999
87.143218
82.212909
81.691819
79.466886
82.00451
83.532258
81.669038
85.438957
87.00708299999999
87.74332099999999
86.154786
87.991004
87.991004
89.691422
89.160201
89.018496
92.313452
93.134023
93.31237
93.27672099999999
93.63332
96.456971
98.35588799999999
98.67813
98.24845999999999
97.85444099999999
100.574509
100.502665
99.49605699999999
99.35223000000001
98.05705500000001
97.796937
95.988688
95.48209300000001
97.68849899999999
97.399328
96.214973
96.214973
95.34350000000001
95.125516
96.469055
94.396491
94.104997
96.108006
94.979332
94.360027
92.45696100000001
94.719053
95.15651800000001
96.286164
96.832538
93.237562
92.179303
91.960277
92.580797
93.0917
90.346378
89.507126
88.81342100000001
89.34647699999999
87.79075400000001
81.82492999999999
82.052055
81.685766
79.303124
79.193083
74.26912
73.34862
73.238131
74.04825099999999
71.94852299999999
59.736731
59.438815
59.450021
55.67339
58.917352
47.184708
48.505879
50.466934
51.710323
51.973934
44.386899
45.722622
43.393979
39.531747
37.80825
26.225581
25.717259
24.539672
22.327098
21.057092
7.343835
9.51768
9.002674000000001
12.412087
13.295561
8.053165
8.271478
6.940547
7.863662
7.764753
3.142705
3.918297
4.371732
1.730396
2.888277
-4.150885
-5.050924
-5.907383
-3.799779
-4.063088
-5.593281
-5.866383
-4.956123
-2.273688
-2.728084
-3.968778
-4.110787
-4.963078
-3.684793
-4.347453
-5.667618
-0.868388
-0.176774
-1.955822
-0.571959
2.068038
2.791873
1.96459
1.96459
0.464229
3.90456
4.121636
3.144554
1.8951
1.405912
-1.329844
0.84875
-2.133137
-2.247944
-3.28131
-7.855926
-9.793388999999999
-9.622730000000001
-8.708705999999999
-10.537218
-9.28285
-8.699816
-8.052344
-9.865987000000001
-10.25485
-18.494153
-16.616155
-17.172427
-16.824726
-18.911751
-24.230909
-24.977045
-28.787488
-31.706713
-29.984576
-55.816524
-55.490384
-56.387436
-61.53422
-53.534335
-68.936217
-69.55734
-69.912463
-67.162587
-70.356404
-96.77540500000001
-98.34672399999999
-95.59772700000001
-91.580049
-91.48208
-111.732959
-109.562936
-103.824564
-102.851919
-108.695609
-119.439281
-119.921389
-118.957458
-119.559717
-120.16233
-136.119738
-132.990501
-138.026794
-131.903322
-132.039117
-139.935063
-138.849065
-140.400713
-135.594441
-135.129781
-143.422012
-141.259499
-143.96333
-139.818973
-134.678181
-141.857641
-138.218939
-137.150012
-141.429391
-139.288477
-147.409493
-158.225666
-168.572228
-182.483353
-192.3444
-272.887349
-254.087086
-279.43766
-291.504776
-286.376281
-541.051749
-545.226544
-542.840369
-507.943593
-484.617195
-1184.777697
-1251.258142
-1191.915934
-1213.459009
-1157.84825
13566.517461
14180.146815
14144.099267
14752.302207
19115.621073
1029.140742
1022.976713
1018.161386
1045.435797
1064.187091
589.959626
609.047749
605.8156739999999
619.102962
589.141787
422.135136
433.892007
434.477684
439.446235
432.720003
333.227035
330.637584
331.108471
345.646121
345.879425
275.710333
283.870056
289.419947
289.815713
285.6561
237.827781
238.351657
243.059199
243.929597
264.167955
280.743071
278.499171
263.008003
268.74018
273.551698
273.688872
278.009341
275.040147
271.794919
275.17534
270.008228
273.950421
258.497504
238.130214
221.961146
173.877037
173.268255
178.13214
182.377008
179.710003
145.752464
138.337203
124.243609
122.696951
120.55314
78.91932300000001
78.777863
83.516842
83.163625
85.517274
64.687696
68.97087000000001
59.916067
63.176145
64.22266999999999
37.833031
27.441266
29.346844
40.064294
48.060293
39.255958
-6.735711
-33.28103
-52.241288
-73.718158
-155.766819
-182.353483
-209.186003
-201.746001
-198.698737
-325.715751
-336.898782
-346.041413
-355.226608
-354.019534
-533.118587
-550.558804
-544.183465
-530.94868
-516.900941
-743.3198169999999
-755.498411
-738.970112
-721.432831
-718.03274
-1122.650217
-1113.430287
-1123.970108
-1091.839194
-1081.442105
-1818.880682
-1858.334138
-1796.509518
-1807.95789
-1771.490827
-4492.430511
-4543.424676
-4887.855872
-4830.272313
-4944.421879
7759.667695
7857.300085
8086.910104
8164.653627
8054.397269
2290.577114
2300.237305
2298.260288
2299.673082
2301.646
1365.424594
1359.705538
1344.449614
1326.315774
1302.875641
903.314572
901.0570750000001
890.073269
885.510447
883.1026000000001
664.677461
668.222052
663.967595
626.155359
631.868445
498.482094
504.849305
507.352987
506.90627
511.992222
424.265686
412.569461
422.13841
422.296014
421.42858
351.359662
357.277034
343.196915
339.819704
338.956228
302.19738
300.364426
291.036804
283.973279
285.626236
244.416056
237.900361
229.750878
225.351194
227.707433
177.563175
184.312042
182.788561
182.788561
185.775673
144.960469
148.145732
145.240125
149.261949
153.997921
132.375294
133.116979
132.852138
136.133116
136.873195
115.604572
101.305948
104.011743
117.984762
120.589071
110.395002
98.90789599999999
86.855318
78.314879
78.019586
39.138502
39.671044
47.206308
55.525568
63.471572
58.78486
33.882807
36.186622
40.316713
34.070961
37.454839
10.137421
17.886666
16.010452
14.92089
13.296782
-1.83946
-1.655861
-4.687086
-9.658215999999999
-21.218481
-51.044889
-46.908478
-47.140624
-40.189426
-40.83708
-54.986444
-57.433494
-55.263295
-56.740623
-57.341075
-76.14393699999999
-77.34921300000001
-74.43002300000001
-71.83910299999999
-66.714353
-65.901544
-66.88996899999999
-72.50908
-69.651338
-68.178074
-75.91443700000001
-78.370214
-75.817212
-76.396096
-82.780188
-99.838565
-103.350788
-105.442296
-100.882041
-103.255758
-133.919865
-133.821278
-136.731255
-137.027495
-138.953844
-169.17794
-167.624417
-161.928868
-162.284908
-162.558552
-182.502399
-178.551158
-177.480821
-172.612814
-172.18158
-187.749867
-188.317452
-188.374767
-188.260063
-184.593937
-197.689154
-198.804709
-201.658395
-202.589854
-201.223898
-224.153117
-217.596412
-218.974979
-222.632799
-222.080214
-255.611937
-250.226479
-248.171221
-247.855279
-246.512919
-281.954168
-286.254759
-282.514564
-274.311274
-277.849369
-326.961645
-320.532181
-320.18835
-315.266477
-317.210958
-386.272406
-396.014218
-402.786504
-409.4308
-415.186493
-636.739868
-650.924955
-639.569182
-634.855652
-637.918394
-1222.150112
-1168.846228
-1161.255575
-1156.208105
-1123.660599
-15538.072797
-14979.741308
-16600.411646
-15226.899865
-15310.753825
1255.222158
1264.97364
1259.664942
1261.437188
1257.890007
611.355899
606.031796
600.1343859999999
593.286976
594.028889
399.388448
400.980305
402.173027
395.934307
389.537737
276.352002
277.834859
277.093596
276.669829
279.95057
214.767102
217.501389
218.373807
214.316733
215.031908
177.722046
177.342231
177.038197
172.472007
168.199279
134.84576
133.551559
130.209748
130.469183
131.438079
103.817564
104.130349
104.818165
107.005156
108.128773
86.529488
85.42204099999999
84.780496
89.440455
85.42204099999999
65.227478
66.165384
67.047623
67.543588
66.937349
56.117852
57.533031
58.214056
57.637837
55.488451
46.987775
47.99071
47.539403
46.335533
45.733292
36.648433
35.965493
37.769995
35.770328
38.988233
30.156281
33.351789
35.352064
31.683209
31.39695
29.097048
29.94175
28.345942
27.453528
26.654689
19.855168
20.601826
21.907761
20.881789
22.653502
19.164573
17.249422
15.846793
15.94029
15.238693
11.931277
13.582046
11.931277
12.025604
13.629167
12.557895
11.792966
9.83137
9.208937000000001
10.357924
3.25929
3.308101
0.6202260000000001
2.184657
2.282336
-0.37455
-0.674114
-1.223533
-1.273458
-0.873895
-5.611865
-3.761815
-1.708392
-3.710476
-4.686568
-8.298202
-7.721961
-8.842572000000001
-9.376488
-8.789217000000001
-9.684113999999999
-7.895149
-9.068941000000001
-11.474928
-10.243571
-14.458084
-14.813621
-13.510483
-14.754321
-14.991376
-24.124163
-22.984454
-24.630922
-26.595813
-23.680834
-39.035874
-37.190444
-39.514686
-41.773351
-47.879208
-73.793077
-71.649198
-72.17733
-68.85992
-68.18200400000001
-83.76188
-86.25970700000001
-84.927207
-85.593391
-84.17796800000001
-109.111116
-107.523284
-102.39593
-106.310144
-105.750481
-129.265407
-126.727642
-127.57318
-127.57318
-128.630677
-149.92875
-148.717838
-150.534579
-146.660777
-140.744561
92.0573
93.192268
92.128227
97.698131
96.528925
95.505168
94.553967
90.67077500000001
90.671272
91.65694999999999
94.761926
94.38354699999999
94.761926
98.544788
98.38881600000001
95.81202399999999
92.52700900000001
93.074991
89.28169
89.525048
90.984486
94.95144000000001
98.66737500000001
109.871567
110.367362
116.800123
120.820871
113.091829
119.581785
124.304224
123.377516
131.27979
122.871912
131.739728
138.245743
136.963655
138.843801
142.768457
164.163116
165.444691
166.554692
172.263908
170.561672
192.037734
187.116323
204.952482
199.477956
194.493234
223.329197
222.748957
220.67473
219.013622
218.431899
207.707624
216.6337
207.87327
207.624685
201.564338
197.175664
189.577248
193.463298
190.156635
191.71159
188.839231
188.675763
196.096385
191.859972
189.819602
186.714669
185.908896
186.714669
182.036119
185.022149
173.996801
176.624906
180.440213
182.58253
181.868723
180.434751
178.960304
175.307552
173.361527
175.229787
163.469156
157.493709
157.109937
157.95408
153.34461
124.066058
128.203034
128.509036
129.120979
130.344321
116.182209
117.995023
118.523343
118.598775
118.749731
112.8204
115.644694
117.796933
113.564012
107.382005
106.671569
104.251071
97.485218
95.34714200000001
97.55896199999999
90.22030599999999
93.489475
95.738123
93.77982900000001
96.17307700000001
87.998914
86.641094
92.77868100000001
92.422419
87.141505
69.546851
60.715022
51.2649
58.929177
63.283617
68.836214
61.539935
60.1309
63.932573
53.918183
58.932505
44.240762
53.890285
55.996245
59.850837
61.040637
60.039353
57.670836
59.760988
61.01384
51.175661
43.728548
54.109196
50.623063
48.52822
48.3186
45.316226
39.284849
35.5577
31.470056
33.233063
24.428436
30.261797
31.894527
29.480381
19.433692
12.812054
11.07042
10.707355
10.199113
13.53726
5.913082
5.026437
1.105054
-1.340903
-0.673619
-20.516042
-18.141895
-15.77096
-15.38892
-14.013902
-14.671694
-15.299438
-21.746332
-21.903784
-30.588982
-46.349979
-48.66592
-54.468388
-59.040473
-51.564794
-55.530949
-54.752502
-56.829097
-47.761031
-44.060472
-45.209319
-43.005591
-41.716984
-42.969751
-47.092638
-54.893167
-57.814956
-57.437615
-63.199457
-65.37675900000001
-90.77125599999999
-83.22050400000001
-80.409299
-84.124814
-85.63333799999999
-111.195315
-108.169278
-110.979098
-107.197512
-112.385677
-153.777844
-149.028305
-155.086058
-161.28272
-171.215822
-232.893597
-222.725091
-220.832949
-221.913969
-231.942162
-311.220684
-306.107291
-312.340891
-311.700512
-314.423253
-429.282512
-417.700092
-414.715582
-419.692144
-415.113084
-566.258328
-567.062968
-569.747586
-569.747586
-570.822188
-848.735518
-862.887207
-858.298991
-878.389591
-881.755735
-1760.853752
-1812.870514
-1864.914167
-1840.241779
-1874.846951
-431042.113116
-692069.61784
-312441.899665
-118775.495798
-197315.413094
2197.888583
2182.561501
2190.894775
2180.780997
2178.230081
1131.55353
1130.457452
1128.26179
1138.982638
1148.315
798.505681
807.812915
813.87735
819.757013
835.053751
680.073378
684.8476450000001
684.764237
690.437585
713.519562
609.780135
603.944962
605.076196
603.001635
605.358715
551.128595
560.558177
556.732047
566.736216
569.245877
527.267594
524.483928
521.885507
525.939624
518.520091
463.151216
467.573207
470.696105
470.423362
467.857384
472.222428
472.821753
437.150294
435.414034
439.479661
442.592728
436.218526
406.125252
408.49201
410.275189
411.476686
414.827705
409.529023
385.763098
385.689599
385.54264
386.534462
388.699712
365.594947
364.741395
361.240494
361.585997
362.835751
339.223364
339.253143
340.977919
338.449541
340.264451
319.579354
322.418371
321.553688
317.142013
316.762545
294.657237
296.574427
296.873035
296.897903
297.305861
277.652863
278.778624
276.542466
273.87949
273.326559
254.331256
254.653097
255.714748
256.089947
255.082132
239.039272
242.008055
242.308642
239.561187
241.567078
229.074545
229.432049
227.662621
226.306058
226.117551
209.257193
210.167694
210.685193
211.059853
212.753658
200.89653
200.288063
199.087385
199.662476
198.850535
186.576454
186.253803
187.463387
187.382772
188.639844
175.814632
176.817183
176.632129
177.341348
176.601302
166.272256
166.61239
166.538448
166.065183
166.346209
157.13054
157.613843
157.940705
158.02598
158.082809
151.805842
150.944127
151.190383
151.135673
151.121981
145.344748
144.618881
144.764079
144.777271
144.684884
138.974132
138.937107
138.946059
139.294518
139.188587
134.568882
134.803879
135.150166
134.754413
135.11307
130.709024
131.02128
130.877163
130.564896
130.55289
126.270001
126.866147
127.169975
127.567212
127.473765
124.028046
123.629689
123.959751
124.653843
125.029199
122.255524
122.011647
122.244445
122.610185
122.322042
119.956813
120.043286
119.967633
119.902755
119.762198
117.090024
117.237914
117.396361
117.132274
117.121715
116.407926
117.037415
117.150903
116.862012
116.542099
115.003652
114.76135
114.286727
113.872573
113.620015
109.68263
109.702459
110.128654
109.702459
109.444705
106.572605
106.991497
106.777195
106.484921
106.543378
103.489378
103.278165
103.383775
103.402967
103.268568
42.035837
42.753774
42.753774
42.698587
43.333433
43.509355
44.220979
43.879447
42.2562
41.657778
39.838243
40.103587
41.105518
40.722477
41.606272
41.539361
42.513665
42.757158
41.843898
42.087483
42.02281
43.849243
44.289822
44.195424
44.258329
46.290243
45.932307
46.160112
45.997403
46.127546
48.598066
49.606854
50.245459
50.749434
49.573253
56.048879
56.741667
57.018716
55.771724
56.39533
62.943301
62.943301
62.800672
65.651499
64.476088
72.41225799999999
73.216857
74.05762
72.814604
72.41225799999999
78.420466
78.53297499999999
77.93280799999999
79.282922
82.990278
90.820691
89.100683
90.667895
90.400408
90.858925
107.097883
106.78876
105.203353
104.081165
105.24207
116.506974
114.511368
114.31559
114.981156
114.628814
122.597081
122.636606
122.992503
123.941065
122.438918
130.063235
130.740278
130.02342
128.588762
129.585124
133.87246
134.032926
133.952721
136.879109
134.514287
137.853607
137.893969
136.925896
138.337505
139.103298
144.285642
144.164647
143.074715
145.898911
138.465482
140.391576
142.942857
143.428314
141.485397
139.05369
135.8512
137.476161
135.8512
137.110686
136.785737
133.385623
133.426264
135.011243
135.336195
135.45803
137.740028
140.04375
143.674909
143.392785
147.982099
157.546107
157.78424
156.712516
154.249218
155.481334
160.918125
160.369412
162.954694
164.597837
163.580854
167.890222
169.660509
167.851735
170.775719
172.274182
173.130723
175.847041
175.470106
176.073253
175.960176
186.755247
187.048566
186.828545
186.021704
185.985039
191.84082
196.289493
195.969545
198.988569
200.407406
205.537899
206.668267
205.537899
203.515035
203.137674
205.146574
205.378282
205.444497
205.940919
206.966472
209.742004
208.628481
208.246496
207.960025
209.423948
207.371531
207.708228
207.769457
207.371531
202.834406
199.80565
200.396114
202.222491
201.488007
202.549769
199.946182
198.842121
198.502277
198.473929
195.951208
187.842552
187.705978
185.408788
181.106959
180.942313
169.713573
169.262072
169.899483
171.757341
172.102156
163.95416
162.182919
160.358455
160.692671
159.895585
147.546533
148.571926
149.171934
150.595992
151.394941
141.430365
141.551864
142.45063
140.895728
140.822809
133.62303
133.078295
133.859834
133.315174
131.324467
120.102046
120.752337
121.239911
119.962671
120.450436
112.214116
113.102432
113.05688
111.576043
112.16854
103.061988
101.962346
103.645175
102.501009
102.590789
96.475641
98.488089
98.488089
97.559532
97.227835
92.990449
93.339748
93.907265
93.55804999999999
94.40915099999999
90.268736
90.635655
90.65722599999999
90.096037
90.721994
88.174387
88.901377
88.38822399999999
88.94411100000001
89.670811
83.035067
84.864204
84.864204
84.545317
84.438999
83.47107099999999
84.105051
85.224512
85.140033
85.710087
85.96153200000001
86.800712
86.31825000000001
85.688709
84.471045
81.792017
82.00134199999999
82.085087
81.519828
82.085087
79.225824
78.619889
77.930077
77.950974
78.55716700000001
76.297634
76.026177
76.172347
75.87996699999999
74.772659
72.40596499999999
71.61153400000001
71.109582
71.29782
70.230842
67.06536199999999
66.09053299999999
64.873868
62.984296
62.879255
56.97196
56.887507
55.87395
56.254092
54.859814
48.041329
47.231673
46.869374
47.764405
48.126521
44.5466
44.374511
43.621582
43.354749
43.77221
38.117333
37.986426
37.571806
37.942779
38.182812
33.809532
33.986937
34.541234
34.430388
34.519048
35.316901
35.250429
32.65097
33.07958
33.778579
33.395276
33.801143
32.33221
32.240178
30.674654
31.250368
30.53646
26.951458
27.187668
27.258528
27.069551
27.778103
26.837906
27.034612
27.690151
28.199881
29.049064
29.77743
29.08227
29.58242
30.332316
30.557257
35.490763
35.387685
35.77411
33.841078
32.938299
32.868845
33.618104
33.537848
34.928505
33.965863
34.230586
34.397462
33.729974
34.480875
34.035932
32.561235
32.909848
32.474071
34.158511
33.490731
34.952735
35.438334
33.768558
34.861676
34.406268
38.498209
38.688308
38.434824
38.688308
37.74076
39.037607
39.800512
38.340809
41.292137
41.65657
42.295944
43.612342
46.380601
47.901355
46.657194
55.214176
56.795659
56.759701
59.45225
57.442244
64.38542700000001
63.302574
63.900116
64.60938
63.900116
72.984222
72.559229
72.134185
74.605966
73.714224
84.04917
84.168486
82.656479
83.094296
79.86783800000001
81.803708
83.946962
85.997298
89.48428199999999
85.29901599999999
88.139403
92.146714
90.551637
89.06914999999999
88.05483599999999
91.880882
91.53360000000001
91.837497
90.751952
90.751952
93.001594
93.80409
96.610257
97.90050100000001
96.432249
99.61933399999999
100.987916
102.628659
102.856438
100.668664
103.603132
99.958873
100.333001
99.912125
98.929626
96.379527
95.51339299999999
97.341347
95.320832
96.235212
102.55276
100.876459
98.951581
95.98622899999999
94.50163499999999
97.083326
100.691766
105.558968
106.26763
109.250975
122.615141
127.5951
126.620758
124.72176
125.286532
144.667459
144.874454
147.718547
148.596671
148.493366
166.950593
164.674
165.657382
158.085968
157.935213
183.835418
186.094854
181.933152
187.069602
188.146258
194.464986
196.696037
200.340603
204.22951
202.81638
208.978494
205.365861
210.164473
204.771229
199.713876
197.167372
197.459359
198.043119
196.972643
196.388387
197.161884
194.840887
191.567041
193.560577
193.513163
183.311908
182.709724
182.987724
179.974233
181.430662
171.632539
167.917633
163.740135
164.740033
162.967038
150.239333
147.293152
145.996999
146.8463
146.622831
130.354133
130.926338
134.575088
136.242997
135.176628
120.145617
118.967247
122.136619
123.347398
126.32753
119.145574
120.079186
115.916492
118.848442
120.927474
113.794361
110.487311
109.94249
111.207867
112.748497
107.984284
113.668885
114.45005
113.051914
114.778937
120.359409
121.243898
123.694188
124.496782
125.299005
132.458032
128.625309
130.190694
129.290721
119.242503
103.327307
101.650468
93.673119
94.300118
91.359178
73.585886
76.75378600000001
81.00779
83.22830399999999
84.006749
85.183143
87.832763
90.67000899999999
89.903616
89.251959
94.16480199999999
92.08726799999999
85.72612700000001
80.90204199999999
84.853472
84.07071999999999
81.51226
80.985063
83.126762
87.18848199999999
92.990172
92.026008
88.572835
88.944487
84.96391
78.744944
79.859846
79.116657
78.00138200000001
77.369013
74.721138
74.386413
79.807975
74.05167400000001
72.302492
69.281459
71.256654
71.51733900000001
70.250683
72.001428
63.988092
69.26388900000001
67.84354500000001
69.626237
68.404347
68.119483
64.743166
65.71919699999999
67.294748
63.533589
60.946858
58.739592
57.241279
57.392657
54.020934
37.997695
37.495975
37.109932
35.449106
34.444138
-2.245241
-9.807174
-15.297266
-15.499439
-21.290879
-65.00183
-68.469992
-63.932731
-62.693325
-61.625572
-105.566517
-104.700741
-100.877671
-97.879442
-92.291093
-129.20305
-130.660094
-129.445823
-130.951691
-131.777904
-169.253357
-171.263723
-170.999068
-177.626335
-172.481603
-211.60659
-221.948839
-223.068775
-223.658305
-218.534411
-221.241932
-221.065246
-223.009769
-289.748615
-287.921076
-281.504178
-278.337356
-275.377343
-353.879885
-358.987774
-350.455537
-353.561132
-356.272539
-459.414601
-451.605963
-456.841377
-451.704703
-456.346996
-619.327594
-619.062519
-611.787271
-596.5252840000001
-603.3532729999999
-872.953218
-875.32118
-860.5618919999999
-854.09857
-856.838273
-1454.77696
-1459.662049
-1449.525794
-1473.618897
-1484.231323
-4720.215479
-4806.843275
-4841.58748
-4778.439379
-4754.24855
3925.149059
3928.537376
3925.213614
3928.208495
3925.278109
1398.371128
1400.288561
1399.649646
1402.186811
1400.719586
860.93704
863.396583
856.869311
862.413166
853.284579
614.674294
616.940831
614.674294
618.122114
611.218492
471.05977
473.199411
480.992634
477.470036
472.541347
386.701413
386.349419
389.373851
391.620976
389.303612
329.458929
327.304706
331.978647
329.766362
328.843726
284.838991
282.92803
282.21777
282.545632
282.818824
246.662832
245.143607
245.143607
244.358931
241.658846
209.533808
209.040009
208.995073
207.378019
208.14178
183.051833
182.009356
181.174927
178.961639
178.418314
151.194051
151.547901
150.289501
149.266508
145.404847
118.737021
122.104553
119.897716
120.53382
118.549786
98.757069
98.5425
98.685581
99.972497
100.008263
84.732113
84.76631500000001
85.860904
84.25295300000001
84.76631500000001
69.346159
69.31312200000001
70.03921699999999
70.63301300000001
71.98481700000001
62.88533
64.89041899999999
64.476879
66.035224
64.19047399999999
55.784274
55.506436
54.304281
54.792497
50.109973
50.186769
49.073131
48.535202
50.071549
45.375304
43.28903
44.981843
44.273456
43.131503
32.963386
33.694009
33.40991
34.383889
33.206924
29.075928
27.904775
27.360745
28.155794
29.661217
27.719421
28.83883
28.537502
27.073333
26.2115
22.520624
22.164129
23.055264
21.584723
22.609752
19.821328
21.943524
23.510514
22.681095
23.234043
24.027926
23.455704
21.976738
20.926395
20.735386
15.949493
14.707479
15.850145
16.197806
14.359595
9.348713
7.119252
7.534247
4.783179
3.328086
-10.782959
-12.698568
-15.054907
-16.59089
-18.567654
-36.189533
-35.6652
-34.675103
-36.655759
-36.306097
-59.884581
-56.201361
-57.948365
-57.885969
-55.079068
-74.773
-75.84738900000001
-76.384775
-74.907276
-74.03479400000001
-89.018816
-88.554598
-91.095141
-89.570318
-86.017358
-101.430553
-102.141108
-103.957875
-105.143834
-103.009738
-122.975197
-123.323505
-122.017424
-124.543273
-124.630504
-146.67375
-145.312731
-143.758179
-129.92294
-128.381262
-141.050272
-137.059236
-138.568313
-140.294507
-143.15689
-159.175266
-162.012857
-162.259856
-165.225723
-160.902006
-172.935465
-167.788878
-175.370572
-167.218007
-168.217382
-188.884964
-191.094284
-184.813255
-185.152305
-188.71521
-206.290613
-206.700276
-213.882183
-222.330074
-217.380644
-283.471886
-269.345377
-264.919382
-255.57993
-259.465734
-326.676121
-326.329995
-319.071763
-304.978272
-306.006021
-388.681713
-406.020096
-427.528352
-404.030602
-375.408613
-531.86754
-539.239872
-522.89106
-540.060281
-547.462996
-1076.18049
-1071.917529
-1029.719856
-1042.298623
-1023.456001
5232.539919
5637.473672
5359.222534
5637.473672
6417.255171
27.630281
-65.78662799999999
-62.365613
36.22529
-69.21404
-264.409811
-299.357978
-368.051804
-347.294326
-331.867161
-533.134271
-516.763931
1660.016311
1654.431432
998.079898
1001.286672
994.864726
992.0003819999999
990.566084
694.606715
690.724003
684.0435680000001
692.666839
687.665987
510.654097
512.229031
515.59836
520.078783
521.867784
422.69804
422.881902
419.199144
417.907941
420.120756
351.100116
351.41435
345.907394
352.827342
348.584674
293.50358
287.564082
276.73514
269.616493
271.573677
223.248737
227.773959
228.526956
232.287068
234.289056
203.5645
200.602873
200.602873
199.120122
198.435537
169.472114
170.528256
170.633793
167.88647
166.087747
135.874601
136.470454
137.363651
136.569677
136.569677
120.428961
121.456084
121.829377
118.372893
120.615789
104.347062
104.968605
111.436648
112.320752
110.99437
92.297946
91.53299199999999
84.036626
86.084295
85.65788000000001
