87.76920800000001
86.723364
86.92312200000001
86.92312200000001
87.02233200000001
86.972728
85.715784
86.01782300000001
85.867143
85.665772
85.414359
84.37106900000001
84.320564
84.16836600000001
84.066669
84.42292
84.03161
83.877729
83.621003
83.621003
83.31247500000001
81.745852
82.317982
82.057821
82.057821
82.162718
81.701611
81.43776200000001
81.332071
81.385267
81.332071
80.496084
80.336229
80.389515
80.22823
80.22823
79.145707
78.873733
78.709951
78.764066
78.873733
77.56143900000001
77.616427
77.616427
77.948517
77.948517
77.0471
77.0471
76.7662
77.272086
77.38382300000001
77.272086
76.487217
76.65912899999999
76.887058
76.944603
77.058932
76.75276599999999
76.75276599999999
76.75276599999999
76.75276599999999
76.811272
76.279151
76.16085
76.279151
76.574478
76.574478
75.955619
76.256466
76.317108
76.55726199999999
76.55726199999999
77.13786899999999
77.198829
77.2606
77.87331
77.81237400000001
91.529579
91.478905
91.478905
91.071433
90.77731900000001
90.674161
90.674161
90.572354
90.41827499999999
89.72096000000001
89.87584699999999
89.97818700000001
90.235377
90.13305099999999
90.599248
90.392112
89.977766
89.87416399999999
89.977766
89.368458
89.472748
89.472748
89.733101
89.733101
89.693907
90.323027
90.113114
90.00814800000001
90.323027
90.66542099999999
90.77107599999999
90.7179
90.77107599999999
90.137051
90.396511
90.396511
90.18432199999999
90.396511
90.077865
89.906638
90.01460899999999
89.692098
89.906638
90.067881
90.50097599999999
90.71707499999999
90.55464600000001
91.148477
91.040457
91.235606
91.398528
91.290395
92.21435099999999
93.13782
95.295547
95.788246
95.67885
95.896911
95.733186
99.308437
99.36448799999999
99.913262
100.352012
100.352012
103.703808
104.034812
104.199925
103.649
103.703808
106.132187
105.467352
105.412244
104.468523
104.857392
105.804955
105.190875
105.358104
104.688353
103.850247
103.031294
103.200067
103.200067
103.200067
102.580158
102.072849
103.039157
102.357822
99.172223
94.663821
93.551064
91.623465
91.43566300000001
90.49469000000001
90.55705
88.13728399999999
88.837452
89.21817299999999
89.09099500000001
89.28133800000001
84.723386
84.852481
84.852481
84.852481
86.593065
87.057361
86.796318
86.86114999999999
87.905052
88.751471
91.76925900000001
92.230222
92.49245500000001
93.477439
92.558661
94.493477
94.029537
94.294911
95.15666299999999
95.089917
96.72620000000001
97.526803
97.326908
96.926164
96.793447
98.73350600000001
99.136719
99.80764499999999
99.94108799999999
99.94108799999999
100.793482
100.725483
101.940122
103.828382
103.558628
110.209637
110.209637
110.817436
110.344622
110.209637
115.198924
115.131868
114.726796
116.007861
116.344733
120.16371
120.701814
120.500156
120.971249
121.172852
124.969051
124.298112
123.626914
122.551923
122.820956
124.665678
125.067226
126.874819
128.481073
129.417
134.577033
134.046219
134.178278
134.046219
133.713388
137.729377
137.729377
139.772297
139.508661
139.640484
143.086176
143.217654
143.217654
142.956419
144.195635
149.510017
148.737252
149.445135
149.445135
150.283289
154.457692
154.647859
155.727035
156.044015
154.583911
157.518577
155.954412
155.829118
156.016641
155.453181
155.568315
154.455749
155.135827
154.394283
154.764685
153.800749
153.800749
154.533266
154.899813
155.021977
155.046144
155.347461
154.503322
154.744775
155.046144
152.554256
151.897182
151.598645
150.941999
150.941999
146.265358
146.681257
147.273092
147.451467
147.451467
143.218813
143.159549
143.629705
143.159549
143.159549
139.850259
140.257883
140.433434
141.249858
141.599967
140.743282
140.570349
140.743282
139.646475
139.299608
136.465046
136.808988
137.266713
136.75129
136.865926
134.386287
134.273352
134.444257
134.500719
135.068254
133.379382
132.760537
132.873274
132.310262
131.521438
126.610308
126.217443
125.65807
125.713792
125.489405
120.69766
120.027994
119.804714
119.804714
119.582146
113.821657
113.655189
112.654574
87.639338
88.583466
89.781358
93.767388
93.854752
94.374247
94.114518
92.72673399999999
97.517781
98.745912
97.69461
97.167559
96.37726600000001
96.502591
96.770506
98.01748600000001
98.282811
95.880444
99.27457800000001
100.176069
101.075903
100.176069
98.82425499999999
102.724861
102.089256
102.179726
103.453051
106.088394
112.851138
114.583072
114.310041
113.671997
113.216281
119.39804
118.940932
118.940932
118.574673
116.835714
116.618839
117.72506
118.829359
120.117025
121.035856
125.589383
126.140851
124.943747
125.403894
125.772412
125.349808
126.181573
125.904771
127.19777
125.25791
128.486176
127.374721
127.560218
128.579481
127.097054
128.131453
129.339831
130.639652
130.083408
129.988632
131.906325
130.511821
132.93022
134.22924
133.672813
138.717576
137.048187
134.633456
135.655389
134.541083
133.426974
130.819028
131.471382
129.979749
130.912943
128.682786
127.842022
126.810974
127.935047
125.406721
119.765199
119.859047
119.765199
118.632361
118.535942
112.238428
111.760815
112.715911
112.907121
112.907121
106.717293
106.717293
106.717293
106.330937
105.5554
97.496415
98.77612499999999
98.48109100000001
98.67691600000001
98.67691600000001
92.34437800000001
92.544826
92.745251
93.045182
93.346388
85.29483399999999
85.905001
86.618844
86.007575
86.92372399999999
81.78685299999999
82.924057
83.853825
83.544414
83.33765200000001
81.27760000000001
81.59287
81.487324
82.53556399999999
82.63966000000001
80.859627
80.11793299999999
80.543003
80.012353
81.709306
81.50574
81.290871
80.539333
80.862477
81.290871
80.724473
81.05158900000001
79.63749300000001
79.311556
79.855231
77.737149
78.067725
79.943223
80.71301699999999
80.052797
80.89546199999999
81.118852
80.337603
80.337603
78.550376
77.971298
79.218068
80.234635
79.669449
79.330549
79.736788
80.422431
79.85057500000001
79.393866
79.964354
80.072619
79.956098
81.22820900000001
80.881918
80.99684499999999
80.344582
79.409603
79.409603
78.709591
77.775293
74.566103
75.51471100000001
74.804873
75.27760600000001
76.46123900000001
73.982741
74.58242199999999
75.302724
75.78276099999999
76.85998499999999
77.916257
76.943943
77.30942899999999
75.97270399999999
77.793942
79.05240000000001
78.92830499999999
77.94340099999999
78.3126
79.05240000000001
82.407042
82.532768
82.658485
79.410111
80.409103
80.79811599999999
84.34933599999999
85.10806100000001
86.24888900000001
86.37466999999999
89.73366900000001
88.577
88.192409
87.550669
87.935401
89.488598
89.22533300000001
87.78707
86.873248
87.003328
86.14844100000001
86.01367
86.01367
85.74587
86.01367
85.48808200000001
86.718767
85.76043199999999
84.66351299999999
85.89840599999999
87.785518
87.362791
87.785518
87.925163
87.785518
87.231922
86.798687
87.37758700000001
87.37758700000001
87.37758700000001
87.372044
87.073404
87.670633
87.670633
86.179158
84.567277
84.876648
82.248333
82.248333
82.248333
79.47414000000001
80.600863
80.922956
80.922956
81.242858
77.643928
78.4853
80.336243
79.99965
79.495755
72.760503
74.353602
74.353602
73.823511
73.823511
75.131066
75.31577
75.687584
74.946342
75.874692
78.225595
80.36435400000001
80.17096600000001
80.36435400000001
78.615358
79.61054799999999
79.61054799999999
78.58797300000001
76.95819899999999
77.979015
78.56469800000001
78.352141
78.13388999999999
78.56469800000001
78.56469800000001
78.225414
78.894408
78.225414
78.00038499999999
78.447453
79.33825899999999
79.33825899999999
79.33825899999999
78.406837
80.962442
86.809783
86.56440499999999
87.526601
88.968907
88.73019600000001
96.633915
97.128345
97.86809100000001
98.61079599999999
97.86809100000001
108.183557
107.677599
108.183557
110.71115
109.951583
121.232082
120.972747
120.460787
118.913753
119.429584
127.098671
124.46755
125.781866
127.098671
127.098671
132.976627
137.518061
138.586153
139.388557
138.32096
150.507286
149.156617
149.428265
149.428265
150.235807
