99.802786
99.803876
99.78045
99.790256
99.80169600000001
99.79134500000001
99.807689
99.802786
14.832536
4.545455
0.0
-6.937799
-4.545455
-6.698565
-1.435407
7.177033
2.177033
-0.956938
15.417559
21.199143
27.408994
30.835118
26.980728
26.33833
29.764454
38.115632
38.972163
40.685225
42.61242
43.040685
38.115632
48.608137
55.246253
50.942184
48.394004
44.325482
35.760171
44.111349
38.543897
27.623126
43.018868
37.358491
36.226415
45.283019
34.716981
33.584906
39.245283
34.716981
35.09434
47.886792
37.735849
47.924528
44.90566
32.603774
21.509434
2.641509
23.396226
36.981132
17.735849
12.45283
10.447761
2.238806
11.320755
-4.528302
-8.301887000000001
-8.301887000000001
1.886792
16.226415
10.188679
1.509434
26.07362
26.380368
19.93865
11.656442
7.361963
12.269939
16.871166
15.95092
20.552147
23.92638
33.742331
32.822086
37.730061
35.276074
36.196319
48.773006
40.490798
44.478528
44.785276
45.705521
46.625767
40.184049
38.650307
45.398773
46.932515
53.374233
97.34042599999999
70.24539900000001
75.76687099999999
70.858896
75.460123
71.779141
73.619632
79.141104
72.39263800000001
64.72392600000001
66.56441700000001
65.337423
61.656442
65.95092
70.24539900000001
80.524345
78.651685
76.029963
71.16104900000001
71.53558099999999
70.411985
75.65543099999999
79.400749
74.157303
91.7603
65.67164200000001
76.11940300000001
87.064677
94.52736299999999
82.587065
72.139303
80.099502
77.114428
61.19403
58.375635
39.086294
47.715736
14.213198
20.304569
42.13198
49.746193
13.705584
27.411168
38.57868
43.654822
68.527919
32.48731
37.055838
43.147208
53.170732
62.926829
42.926829
52.195122
69.75609799999999
71.707317
68.78048800000001
73.170732
89.75609799999999
77.560976
54.146341
61.463415
68.292683
73.170732
54.634146
59.487179
61.025641
54.358974
67.17948699999999
66.153846
89.230769
103.589744
109.230769
101.025641
104.102564
144.615385
171.282051
175.897436
171.538462
153.846154
133.538462
101.692308
8.205128
72.307692
67.692308
45.844504
44.504021
56.300268
68.284182
68.096515
96.709694
101.012402
111.389522
102.277904
102.784105
101.265502
85.826373
75.702354
71.65274599999999
74.740572
66.07899999999999
60.276724
70.095961
70.76545400000001
75.22874400000001
74.55925000000001
88.864093
77.415755
80.964071
71.613479
75.22874400000001
95.09038200000001
91.742915
36.185011
43.835855
35.315597
19.75
20.5
17.0
12.0
7.75
20.75
25.5
11.0
15.5
18.75
-12.75
-16.75
-23.25
-24.25
-12.5
-4.25
2.5
5.0
24.5
20.5
47.586207
59.605911
65.32019699999999
70.24630500000001
65.123153
73.596059
74.384236
81.083744
90.541872
97.24137899999999
96.650246
103.349754
121.674877
124.039409
115.763547
111.428571
109.852217
99.60591100000001
100.985222
106.896552
75.057383
75.363428
82.555471
83.626626
81.331293
82.708493
77.046672
73.068095
66.182096
66.02907399999999
79.49502699999999
81.025249
79.188982
92.807957
102.907422
110.416667
116.25
132.916667
146.666667
146.666667
137.916667
133.75
127.083333
113.333333
122.125
73.933888
83.017916
92.354277
162.083333
175.833333
185.416667
187.083333
182.5
184.166667
164.583333
192.5
170.833333
185.666667
182.083333
172.083333
81.505376
93.763441
93.978495
95.053763
98.064516
192.5
184.166667
185.0
184.583333
200.833333
-80.39370099999999
-130.708661
-160.629921
-148.031496
-21.653543
-8.661417
-42.519685
-22.834646
-56.692913
-44.094488
25.29274
14.98829
19.203747
14.98829
17.798595
34.660422
30.444965
22.482436
24.824356
6.088993
6.088993
8.899297000000001
12.177986
30.913349
9.836066000000001
20.758483
17.165669
17.56487
27.944112
10.778443
3.592814
-10.898204
-21.956088
-12.774451
-25.548902
-41.916168
-23.552894
10.379242
-1.996008
5.988024
4.790419
-17.964072
-24.750499
-32.335329
-42.714571
5.340454
11.481976
13.618158
2.93725
-48.303393
-42.714571
-36.726547
-45.10978
-65.868263
-83.433134
-106.986028
-113.373253
-95.80838300000001
-109.780439
-102.195609
-121.756487
-127.744511
-139.321357
-125.349301
-161.277445
-166.866267
-158.882236
-118.962076
-66.267465
-78.642715
42.706131
45.525018
43.97463
39.605356
34.672304
27.906977
21.141649
24.383369
-110.306407
-75.20891399999999
-70.194986
-125.179856
-72.30215800000001
-72.30215800000001
-52.158273
-69.784173
71.459655
74.070716
76.60924799999999
73.11876700000001
72.43880299999999
71.07887599999999
61.37806
64.460562
61.831369
48.232094
51.247401
71.12266099999999
75.467775
69.68814999999999
68.284823
78.794179
75.25987499999999
84.095634
90.95634099999999
94.594595
99.064449
112.785863
110.08316
104.469854
109.355509
108.212058
112.681913
112.681913
112.993763
115.800416
107.079002
114.553015
122.869023
135.031185
137.525988
130.24948
136.382536
131.704782
124.636175
126.195426
86.46671499999999
86.90563299999999
84.930505
85.223116
82.66276499999999
83.613753
84.125823
92.026335
88.44184300000001
78.785662
72.933431
78.05413299999999
76.225311
75.274323
69.05632799999999
73.006584
68.47110499999999
70.153621
76.737381
69.934162
74.61594700000001
72.348208
64.22823699999999
65.764448
64.374543
61.960497
62.911485
63.057791
58.156547
52.596928
52.962692
50.548647
51.13387
55.157279
50.256035
53.401609
53.108998
53.255304
51.426481
49.3782
44.257498
41.331383
41.7703
46.305779
46.232626
45.427944
42.136064
42.428676
41.623994
39.868325
42.28237
48.573519
47.915143
49.597659
52.523775
16.686251
23.501763
25.616921
23.031727
24.089307
19.976498
16.568743
19.036428
14.336075
13.86604
31.785864
46.005855
53.952321
35.549979
2.091175
-16.311167
18.402342
12.547051
2.50941
0.0
9.456265
-19.238812
-20.911752
-51.024676
-60.225847
-63.571727
-43.496445
-64.826432
-51.024676
-42.659975
28.285784
16.093636
5.852231
-71.518193
-57.298202
-56.043496
-57.716437
-66.917608
-29.276453
-31.367629
-31.367629
-15.474697
-10.874111
-4.18235
-17.565872
37.311648
43.530256
53.814877
55.967472
54.054054
48.792155
44.486965
31.332217
22.961014
18.655824
33.048212
36.158631
55.598756
42.768274
38.880249
26.165557
29.971456
32.350143
34.253092
37.583254
19.980971
33.777355
39.486204
39.010466
90.00951499999999
76.117983
90.865842
110.846813
84.681256
96.09895299999999
112.274025
115.128449
128.924833
103.805899
115.128449
120.837298
116.555661
96.09895299999999
102.759277
113.701237
137.012369
117.031399
125.118934
95.623216
106.089439
75.083056
91.69435199999999
79.734219
71.096346
70.76412000000001
62.790698
48.172757
39.534884
45.847176
59.800664
74.418605
68.106312
64.45182699999999
51.495017
49.501661
21.989529
35.078534
42.931937
47.120419
47.643979
33.507853
30.890052
35.078534
39.267016
53.403141
78.534031
41.884817
39.267016
54.973822
47.120419
21.989529
-19.371728
-28.272251
-30.890052
-43.455497
-53.164557
-144.303797
-123.417722
-106.329114
-94.93670899999999
-147.468354
-122.78481
-150.0
-95.56962
-89.873418
31.408776
28.637413
24.711316
28.406467
28.17552
21.709007
17.321016
28.86836
25.635104
22.401848
6.69746
15.242494
20.785219
12.240185
10.623557
11.893204
15.533981
21.116505
8.495146
8.980582999999999
9.223300999999999
20.873786
21.359223
20.631068
18.68932
21.601942
17.475728
19.417476
14.563107
16.990291
92.307692
19.660194
20.145631
25.970874
30.097087
42.23301
48.543689
52.184466
51.456311
53.15534
53.398058
54.61165
44.660194
50.242718
54.126214
60.194175
57.524272
52.669903
44.902913
35.194175
39.805825
39.805825
35.679612
30.825243
34.466019
67.43295000000001
61.302682
66.283525
76.245211
70.49808400000001
58.041958
30.769231
57.088123
50.957854
46.743295
48.275862
47.126437
57.088123
71.264368
73.94636
67.816092
73.180077
65.1341
70.114943
84.67433
88.125
81.25
85.625
103.125
108.75
14.696486
11.821086
7.028754
9.904153000000001
25.559105
29.640719
31.137725
33.233533
24.251497
23.952096
18.263473
18.862275
16.167665
12.57485
12.57485
20.0
8.0
-35.2
-49.6
-79.12
-38.4
-40.8
-17.6
-8.0
14.4
48.111249
62.22499
67.62142
82.15027000000001
53.92279
28.185969
51.183064
63.47032
59.31922
63.88543
70.373968
78.14473
83.972802
82.56538
81.32004999999999
77.99917000000001
85.88625999999999
90.45247000000001
84.64093
75.0934
67.62142
56.496472
59.73433
90.86758
96.67912
88.79203
95.43379
88.37692
91.6978
98.75467
100.0
93.518519
141.666667
135.185185
123.055556
85.185185
114.814815
154.62963
167.592593
133.518519
154.62963
210.185185
227.777778
184.259259
182.037037
186.111111
201.851852
180.555556
144.444444
150.0
76.953125
69.921875
75.0
245.37037
281.481481
287.962963
287.962963
305.555556
317.592593
327.777778
354.62963
358.333333
375.0
358.333333
387.962963
395.37037
401.851852
427.87037
409.907407
412.037037
375.648148
322.222222
315.740741
314.814815
313.888889
73.726708
72.732919
82.401656
76.190476
75.56935799999999
65.838509
68.322981
70.600414
69.151139
67.908903
57.142857
55.072464
50.931677
52.380952
53.623188
55.072464
63.975155
69.772257
75.15528
78.46790900000001
50.378788
48.863636
45.833333
53.409091
28.030303
29.166667
-1.893939
-32.954545
-60.606061
-73.484848
-117.837838
-94.05405399999999
-68.108108
-111.891892
-87.56756799999999
24.766355
25.233645
23.831776
35.514019
37.850467
28.738318
33.200935
34.602804
44.813084
43.808411
41.121495
40.88785
42.873832
38.668224
28.037383
50.78125
43.457031
12.207031
47.851563
69.335938
74.707031
127.099609
148.925781
159.179687
137.060547
139.825898
139.825898
165.94124
157.780196
155.603917
92.246399
176.278564
178.998912
178.454842
183.895539
178.998912
207.834603
212.73123
206.202394
200.217628
192.600653
191.512514
176.278564
174.102285
154.515778
67.581047
55.112219
51.620948
66.83291800000001
64.83790500000001
62.593516
62.593516
56.608479
55.112219
64.339152
20.197044
16.256158
43.349754
28.078818
19.704433
16.748768
47.29064
53.20197
68.47290599999999
75.86206900000001
35.46798
21.182266
18.226601
26.600985
33.497537
25.766871
11.656442
0.0
8.957055
-17.177914
-35.705521
-31.90184
-38.03681
-77.91410999999999
-79.75460099999999
-63.190184
-78.527607
-80.368098
-66.871166
-101.840491
-144.171779
-149.079755
-148.895706
-211.042945
-157.668712
-177.300613
-155.828221
-123.92638
-103.680982
-99.386503
31.499051
38.140417
26.565465
7.40038
-226.993865
-227.607362
-235.582822
-254.04908
-288.711656
-308.588957
370.0
328.461538
338.307692
273.076923
256.153846
56.282723
57.670157
49.21466
55.078534
54.450262
60.209424
65.0
67.801047
51.492147
58.638743
53.664921
48.298429
43.193717
55.759162
54.188482
97.718631
95.437262
70.942408
86.387435
83.769634
70.353982
69.026549
61.061947
73.00885
66.814159
83.060109
110.176991
116.371681
100.442478
112.831858
108.40708
114.60177
107.522124
107.522124
94.690265
82.918149
84.34163700000001
77.93594299999999
69.75089
66.54804300000001
57.651246
71.17437700000001
52.669039
51.957295
45.551601
41.637011
30.320285
31.316726
36.654804
25.978648
49.11032
52.313167
55.871886
45.907473
43.772242
11.520737
23.963134
20.276498
22.580645
8.75576
12.903226
8.294931
-15.207373
-33.179724
-22.580645
-63.59447
-61.751152
-66.82027600000001
-95.852535
-50.691244
-43.778802
-47.004608
-48.847926
-34.562212
-51.152074
16.321839
12.643678
19.08046
28.505747
28.735632
28.045977
32.643678
44.827586
46.896552
34.482759
42.988506
42.068966
43.908046
42.758621
41.609195
44.597701
49.885057
41.37931
51.724138
51.494253
58.850575
60.45977
58.16092
65.287356
65.977011
67.816092
70.574713
67.126437
72.413793
78.988506
77.011494
80.91954
82.068966
77.47126400000001
79.770115
78.85057500000001
69.425287
60.45977
48.482759
40.045977
46.596859
60.209424
41.884817
33.246073
36.910995
21.204188
19.371728
20.418848
35.863874
46.335079
29.319372
17.277487
28.010471
24.08377
34.293194
27.408225
32.376484
32.100469
36.516699
58.045818
50.317417
52.801546
54.733646
43.693072
35.96467
48.069241
27.208167
30.758988
16.111851
48.956946
45.406125
27.65202
26.764314
19.218819
29.42743
41.145833
46.875
45.833333
13.541667
13.020833
51.041667
29.6875
15.104167
14.0625
25.0
54.166667
52.604167
38.541667
35.9375
-25.0
-72.395833
-64.583333
-10.9375
-30.729167
-47.395833
21.212121
10.43771
17.845118
25.925926
17.508418
18.518519
7.744108
49.83165
104.713805
147.811448
159.93266
161.616162
148.148148
136.363636
143.771044
148.709677
169.032258
207.419355
211.612903
217.419355
210.645161
211.032258
198.064516
199.032258
192.580645
73.17398900000001
68.246762
78.648685
74.909868
73.708105
75.47069
87.36814
85.191614
72.90693
63.693417
61.289892
114.167446
144.077981
165.175591
188.810255
262.108262
326.68566
390.946502
373.219373
365.938588
335.232669
358.974359
378.284267
397.594175
395.061728
368.787591
399.176955
388.097499
364.988921
340.297563
77.409639
81.40060200000001
75.978916
70.180723
69.051205
76.355422
74.246988
76.656627
69.277108
66.86747
68.37349399999999
73.493976
65.436747
66.94277099999999
62.123494
63.554217
65.436747
77.560241
75.60241000000001
79.457831
58.62069
46.934866
21.455939
13.409962
24.904215
25.095785
38.122605
35.440613
37.356322
40.038314
65.18105799999999
53.481894
22.562674
-13.649025
-59.610028
-54.038997
-59.331476
-84.958217
-95.54317500000001
-101.114206
-90.250696
-80.50139299999999
-92.200557
-194.707521
-179.387187
-142.618384
-122.841226
-115.041783
-116.43454
-100.557103
37.622005
24.489796
35.226264
35.403727
34.427684
31.76575
39.130435
21.650399
17.480035
16.415262
67.34693900000001
62.152134
35.80705
15.955473
20.593692
35.992579
16.326531
-8.163264999999999
-21.335807
-14.285714
-17.068646
4.267161
-0.556586
-0.556586
8.905379999999999
20.592384
28.631876
21.297602
31.45275
43.441467
44.851904
46.826516
46.121298
54.866008
56.840621
47.108604
7.475317
14.950635
53.737659
61.00141
62.059238
28.631876
-6.205924
-30.747532
-31.593794
-54.315789
-52.0
-19.157895
17.263158
52.210526
31.578947
6.315789
16.631579
35.157895
7.157895
22.315789
34.777258
55.328575
50.344573
47.452621
43.145459
41.791779
42.284027
34.161949
20.871277
-9.894166999999999
-10.14029
0.812208
0.196899
18.656165
16.933301
34.800409
29.37564
34.186285
30.910952
29.580348
26.202661
23.541453
29.989765
35.721597
47.082907
56.448311
54.247697
41.760491
48.106448
51.381781
48.106448
42.681679
48.321392
47.041965
32.958035
48.021583
34.71223
26.798561
44.064748
35.071942
10.071942
10.431655
-0.179856
-1.258993
-8.273381000000001
-10.251799
-4.856115
14.964029
13.723022
12.769784
19.064748
32.194245
35.755396
51.978417
53.417266
57.307087
55.748031
55.590551
55.905512
65.984252
70.39370099999999
67.559055
60.314961
57.952756
61.417323
62.992126
77.95275599999999
74.80315
66.456693
67.71653499999999
64.094488
74.80315
78.897638
79.527559
82.204724
81.259843
74.015748
80.314961
94.17322799999999
88.188976
87.244094
96.06299199999999
96.535433
103.307087
100.629921
97.795276
87.559055
80.472441
73.543307
67.559055
54.451039
45.548961
52.670623
55.637982
53.709199
60.385757
75.816024
78.041543
79.525223
89.169139
71.208226
76.349614
62.210797
74.03599
73.264781
71.208226
62.724936
67.35218500000001
65.809769
68.89460200000001
54.498715
61.953728
70.17994899999999
79.691517
78.663239
60.66838
57.583548
55.269923
67.35218500000001
79.691517
87.917738
84.318766
86.118252
87.14653
79.177378
77.011494
59.195402
53.505747
79.94252899999999
75.287356
58.045977
60.91954
63.218391
97.701149
129.885057
128.735632
139.655172
167.816092
165.632184
157.471264
164.367816
161.494253
155.172414
135.057471
124.712644
150.0
160.91954
167.241379
121.264368
160.91954
187.356322
177.586207
168.390805
163.218391
169.54023
158.045977
142.528736
135.057471
141.37931
164.942529
77.456647
71.676301
74.277457
81.21387300000001
84.682081
86.416185
90.462428
79.76878600000001
91.618497
72.543353
83.815029
64.450867
52.312139
74.566474
76.300578
68.49711000000001
63.294798
73.121387
78.612717
83.52601199999999
77.71739100000001
69.021739
53.804348
65.76087
45.108696
51.086957
73.36956499999999
89.673913
88.586957
96.73913
79.89130400000001
60.869565
79.89130400000001
78.804348
60.326087
47.668394
55.958549
77.202073
83.93782400000001
71.502591
90.15544
89.637306
118.134715
101.554404
100.518135
83.41968900000001
86.528497
92.227979
92.74611400000001
88.60103599999999
90.15544
71.502591
50.777202
70.98445599999999
80.829016
67.574468
62.978723
71.914894
76.170213
71.489362
31.205674
8.510638
54.042553
72.34042599999999
62.978723
66.808511
69.36170199999999
60.0
68.93617
70.63829800000001
79.577465
66.901408
85.211268
107.042254
74.647887
122.535211
103.521127
127.464789
150.704225
213.380282
234.084507
214.084507
219.014085
188.028169
181.690141
57.178218
64.60396
60.643564
62.623762
58.415842
64.60396
60.39604
46.782178
57.178218
55.693069
56.435644
50.49505
52.475248
52.475248
54.950495
48.514851
46.039604
49.752475
41.831683
29.70297
85.31746
92.063492
86.11111099999999
72.825354
67.43088299999999
62.710722
58.327714
40.45853
43.155765
47.538773
61.362104
59.676332
61.362104
42.355372
41.322314
24.27686
36.412677
38.772758
34.052596
35.064059
41.132839
57.653405
73.162508
78.28518200000001
81.081081
117.427773
140.214352
96.458527
84.34296399999999
110.438024
105.312209
149.114632
102.516309
97.390494
132.805219
125.815471
136.067102
157.50233
166.821994
173.811743
179.869525
211.090401
201.770736
200.372787
173.34576
271.66822
241.37931
213.8863
243.243243
239.981361
228.33178
219.012116
215.750233
50.933786
69.269949
51.273345
50.764007
38.370119
37.860781
22.241087
30.220713
23.429542
26.621392
33.786078
33.44652
48.896435
40.067912
35.82343
20.960699
18.777293
20.960699
8.296943000000001
16.375546
9.606987
16.812227
27.292576
33.187773
31.222707
32.31441
28.165939
17.90393
12.445415
17.68559
10.043668
-6.9869
-8.078602999999999
-5.676856
-18.777293
-37.554585
-25.764192
-24.89083
-23.144105
-19.650655
-19.213974
-13.973799
-12.445415
-12.227074
-11.790393
30.535456
36.034732
40.231548
31.982634
19.971056
32.127352
27.351664
14.037627
9.840809999999999
14.182344
49.328859
64.42953
74.83221500000001
65.771812
76.84563799999999
62.8
55.2
89.59999999999999
87.59999999999999
58.0
24.0
-25.6
-78.40000000000001
-35.6
-11.2
20.0
23.076923
16.923077
33.538462
-10.153846
11.692308
41.454545
66.363636
71.81818199999999
81.81818199999999
84.909091
79.272727
73.090909
78.545455
81.81818199999999
56.181818
62.53112
93.360996
82.98755199999999
76.763485
76.141079
74.06639
56.224066
45.228216
33.195021
38.381743
44.813278
61.825726
66.59751
59.543568
30.290456
41.908714
36.929461
35.892116
34.439834
43.983402
24.418605
20.930233
32.572614
25.726141
27.593361
18.879668
25.311203
31.742739
32.780083
36.514523
41.904762
40.0
20.47619
20.0
7.46888
13.692946
7.883817
-6.639004
-18.049793
0.622407
24.481328
26.348548
21.369295
43.153527
52.074689
62.562396
66.655574
69.051581
66.72213000000001
59.06822
55.241265
50.083195
50.748752
40.599002
36.772047
38.247721
54.925506
61.151879
52.924172
49.588615
39.804314
46.030687
40.249055
48.032021
37.358239
20.680454
29.575272
18.234378
6.671114
-11.785635
-14.45408
2.223705
5.336891
3.557928
-12.897487
6.129439
-8.672447999999999
-17.344897
-16.455415
-20.235713
-20.235713
-7.338225
-4.002668
-9.56193
-4.447409
22.467966
21.941373
20.186063
20.186063
19.483939
25.803054
19.835001
21.765842
13.340355
11.936107
13.515886
4.037213
-5.265929
-0.877655
-7.021239
-54.216867
-60.240964
-48.192771
-13.253012
-35.542169
-59.638554
-22.891566
-42.771084
-18.674699
-12.650602
30.976431
32.659933
36.026936
19.52862
5.050505
-83.13253
-118.072289
-140.963855
-163.253012
-221.686747
-263.253012
-287.349398
-286.927711
-315.662651
-433.73494
-388.554217
-351.204819
-358.433735
-345.180723
-359.638554
5.968586
-515.060241
-484.939759
-563.855422
-583.7349400000001
-614.4578310000001
-587.951807
-563.253012
-601.807229
-531.325301
-481.927711
-530.60241
-565.060241
-562.048193
-533.7349400000001
-582.53012
-588.554217
4.243176
7.278743
-627.108434
-666.86747
-585.5421689999999
-616.86747
-651.204819
-677.108434
-694.578313
-743.3734940000001
-666.2650599999999
-700.60241
-699.39759
-696.987952
-713.253012
-748.795181
-746.987952
-731.325301
-667.168675
-673.493976
-696.385542
-698.192771
-698.795181
-733.7349400000001
-682.53012
-719.277108
4.699378
-2.557015
-0.345543
10.919143
11.886662
12.854181
7.532827
6.703525
6.634416
5.501037
70.0
51.153846
88.57692299999999
133.076923
142.307692
135.384615
129.615385
110.576923
103.846154
121.923077
77.202073
38.860104
34.974093
70.46632099999999
44.559585
41.709845
36.787565
61.139896
79.79274599999999
82.38342
107.253886
94.041451
86.528497
81.088083
56.476684
55.194805
66.883117
89.93506499999999
78.89610399999999
94.480519
86.197183
91.830986
70.70422499999999
72.11267599999999
50.140845
86.197183
67.88732400000001
71.267606
58.309859
71.830986
83.38028199999999
76.901408
78.309859
87.323944
81.97183099999999
86.47887299999999
76.901408
70.422535
68.732394
67.60563399999999
55.492958
73.239437
68.169014
69.29577500000001
69.577465
13.259669
43.646409
37.569061
37.016575
40.883978
22.707182
24.309392
23.922652
8.839779
13.425414
-8.839779
-19.337017
-34.80663
-17.127072
-33.149171
-32.596685
-46.961326
-40.331492
-25.966851
-25.414365
-25.966851
-54.143646
-68.508287
-87.292818
-82.872928
-75.690608
-56.353591
-72.375691
-106.077348
-124.309392
-117.679558
-105.524862
-117.127072
-135.359116
-120.994475
-128.176796
-132.596685
-128.729282
-125.414365
-118.232044
8.883827
5.694761
2.277904
7.972665
8.200456000000001
-180.110497
-213.812155
-219.889503
-204.41989
-187.292818
-197.237569
-183.977901
-158.01105
-135.359116
-121.546961
43.31723
42.995169
36.070853
42.995169
47.181965
42.834138
35.909823
39.452496
44.283414
43.31723
88.57142899999999
95.555556
92.063492
91.42857100000001
95.87301600000001
79.347826
64.13043500000001
64.13043500000001
65.21739100000001
52.717391
41.847826
28.26087
34.782609
65.76087
77.173913
75.54347799999999
70.652174
52.173913
59.23913
42.934783
20.300752
25.0
20.652174
36.956522
32.608696
37.5
5.978261
-1.630435
0.0
-1.086957
2.717391
8.695652000000001
4.891304
7.608696
5.434783
10.309278
-10.869565
-21.195652
-29.347826
-10.326087
-40.76087
-51.630435
-55.978261
-36.413043
-46.195652
-61.956522
-61.956522
-59.782609
-103.26087
-85.326087
-95.652174
-107.608696
-120.108696
-101.630435
-95.652174
-90.21739100000001
-91.847826
-83.152174
-102.717391
-156.521739
-139.673913
-115.217391
-137.5
-133.695652
-140.217391
-200.543478
-196.195652
-173.913043
-158.152174
-174.456522
-194.021739
-166.304348
-163.586957
-172.826087
-167.934783
11.091549
10.915493
9.330985999999999
5.105634
11.795775
8.978873
5.985915
9.15493
15.492958
11.091549
13.556338
12.852113
13.204225
0.352113
10.739437
13.204225
13.028169
17.253521
11.091549
7.746479
8.983051
9.491524999999999
14.067797
2.20339
33.389831
25.762712
15.084746
13.050847
21.186441
31.355932
34.745763
27.966102
34.745763
29.491525
30.847458
87.28813599999999
86.864407
70.338983
66.949153
65.677966
48.305085
24.152542
-13.983051
-11.016949
-59.322034
-65.254237
-67.79661
-56.355932
-30.084746
-43.220339
20.649652
23.897912
8.584687000000001
-84.745763
-73.728814
-64.40678
-83.89830499999999
-63.983051
-96.186441
-112.711864
-75.42372899999999
-105.932203
-101.694915
-108.474576
-107.20339
-145.338983
-148.728814
-146.186441
-136.864407
-136.440678
-147.881356
-200.847458
-197.033898
-233.050847
-250.0
-222.881356
-236.864407
-222.881356
-197.881356
-193.220339
16.68682
15.840387
15.598549
13.784764
10.036276
7.255139
11.487304
12.938331
14.026602
8.464328999999999
11.85006
10.519952
10.278114
11.85006
29.74607
22.61185
20.19347
12.708585
15.719468
11.366385
29.104478
43.656716
48.134328
48.507463
81.716418
87.686567
89.552239
120.895522
179.477612
181.716418
168.656716
175.0
166.044776
139.925373
135.074627
64.179104
77.052239
90.298507
87.87313399999999
93.656716
196.641791
181.343284
172.38806
151.119403
139.179104
74.97835499999999
74.112554
67.705628
78.787879
79.30735900000001
75.670996
79.65367999999999
73.93939399999999
77.922078
92.46753200000001
101.818182
96.969697
93.333333
102.857143
99.22077899999999
98.874459
92.121212
92.46753200000001
103.722944
99.22077899999999
98.402556
115.151515
102.164502
110.995671
110.30303
104.415584
88.65800900000001
88.65800900000001
95.930736
98.528139
79.646018
77.286136
73.45132700000001
75.81120900000001
70.05899700000001
73.59882
71.09144499999999
70.94395299999999
74.778761
70.501475
69.616519
64.60177
68.141593
64.306785
59.292035
79.05604700000001
66.371681
66.371681
68.58407099999999
69.321534
65.634218
61.20944
53.39233
53.982301
50.0
50.737463
44.837758
48.230088
52.654867
61.20944
67.40412999999999
65.929204
65.33923299999999
69.321534
65.33923299999999
47.105263
54.736842
63.421053
63.157895
55.526316
53.684211
57.105263
55.263158
58.947368
72.89473700000001
64.736842
74.736842
81.052632
78.684211
92.10526299999999
81.97368400000001
94.210526
109.473684
133.157895
134.473684
125.263158
126.315789
138.947368
134.210526
151.578947
145.789474
155.789474
160.263158
149.210526
144.736842
126.052632
128.157895
137.368421
140.631579
135.526316
80.152672
81.068702
83.969466
81.37404600000001
79.69465599999999
78.167939
76.94656500000001
73.12977100000001
73.89313
73.282443
67.78626
68.244275
67.48091599999999
64.580153
59.847328
62.442748
59.694656
60.152672
60.763359
71.145038
67.328244
72.061069
74.351145
72.824427
72.366412
73.58778599999999
69.007634
24.703947
22.039474
13.157895
6.25
51.145038
51.328244
55.572519
52.519084
47.938931
46.564885
36.030534
36.641221
34.351145
45.801527
51.145038
33.039648
26.872247
27.53304
16.079295
24.008811
29.07489
27.753304
33.039648
27.092511
30.61674
40.088106
37.444934
40.748899
27.973568
33.039648
30.176211
26.651982
38.76652
30.837004
34.140969
44.444444
41.666667
45.37037
41.666667
55.509259
57.407407
46.759259
67.12963000000001
25.925926
20.833333
46.296296
28.703704
-8.333333
-28.703704
-12.037037
-30.208333
-53.125
-52.604167
-91.666667
-62.5
-45.3125
-30.208333
-38.541667
-48.4375
-38.541667
26.448363
29.219144
31.989924
15.869018
21.687657
14.609572
13.853904
23.425693
20.654912
41.057935
49.874055
36.75063
24.18136
2.770781
28.463476
39.546599
15.642317
25.163728
34.005038
40.050378
71.296296
75.0
71.759259
83.333333
83.333333
85.64814800000001
77.314815
48.148148
34.722222
50.0
62.037037
48.148148
31.481481
29.166667
51.388889
62.037037
98.14814800000001
94.444444
98.61111099999999
108.333333
117.592593
125.925926
108.333333
127.777778
118.981481
80.09259299999999
95.833333
113.888889
141.666667
155.555556
118.981481
86.11111099999999
41.666667
35.185185
7.87037
-5.405405
-31.621622
-26.486486
-16.486486
-19.459459
-38.648649
-39.72973
-54.594595
-59.189189
-58.648649
-63.783784
-51.891892
-57.027027
-17.567568
-16.783784
1.081917
-84.86486499999999
-62.972973
-90.0
-95.675676
-69.72973
-81.621622
-101.081081
-121.891892
-114.324324
-90.810811
-71.081081
-97.297297
-67.837838
-40.297297
42.361111
41.666667
40.277778
42.824074
44.212963
38.194444
43.865741
51.851852
46.990741
47.106481
52.893519
54.398148
53.703704
61.226852
57.592593
58.333333
67.824074
78.472222
75.925926
80.439815
76.15740700000001
83.796296
87.152778
84.953704
85.53240700000001
86.34259299999999
84.837963
75.231481
70.833333
73.645833
87.353162
90.752312
81.60459899999999
78.105474
69.482629
72.106973
69.35766099999999
81.60459899999999
72.98175500000001
66.858285
71.732067
81.60459899999999
83.229193
79.455136
74.856286
26.982012
55.36116
52.986753
57.235691
51.987003
43.864034
41.114721
33.491627
30.992252
28.492877
26.11847
38.365409
33.366658
36.24094
68.23294199999999
81.382895
88.155615
120.286659
117.766577
129.579461
125.956844
113.198929
96.030871
87.053079
83.90297700000001
48.690854
40.589409
31.900904
34.249149
36.245157
28.495949
34.953622
54.678878
69.590231
57.379359
48.808266
56.792298
58.436069
51.755313
39.06305
3.015873
31.313843
42.233181
41.059058
53.622167
55.618175
52.095808
54.444053
57.96642
59.962428
40.245776
41.628264
19.201229
43.010753
50.230415
78.236915
63.636364
61.707989
71.07438
58.126722
82.644628
43.801653
54.269972
41.129477
50.137741
49.862259
74.655647
67.49311299999999
55.922865
83.52617100000001
76.584022
92.67217599999999
103.581267
102.479339
126.997245
152.61708
156.198347
158.953168
170.798898
177.961433
259.779614
311.570248
349.035813
350.413223
389.807163
393.939394
416.253444
387.052342
379.063361
372.176309
387.327824
382.093664
358.953168
340.77135
306.804408
73.041894
74.863388
73.345477
75.227687
76.259866
75.713418
78.020644
77.717061
85.306618
79.41712200000001
75.34912
86.03521600000001
86.824529
87.795993
82.513661
85.185185
85.124469
87.128112
87.67456
86.03521600000001
80.267152
77.413479
74.741955
79.234973
83.12082599999999
76.624165
78.992107
81.056466
39.285714
15.77381
31.547619
16.071429
30.059524
30.654762
30.059524
13.690476
-20.833333
-5.357143
-2.97619
0.595238
-21.72619
-31.547619
-27.380952
-29.464286
-25.595238
-33.630952
-14.583333
-6.25
11.111111
20.041537
23.57217
17.133956
14.641745
12.772586
1.973001
12.564901
3.011423
12.357217
-4.672897
-2.180685
-3.011423
0.290758
-1.619938
0.519211
4.672897
-6.334372
3.011423
-12.357217
-10.488058
-5.711319
-10.488058
-3.219107
-17.757009
-21.079958
-15.680166
4.049844
-4.880582
-17.341641
9.784411
8.955223999999999
16.086235
21.393035
15.920398
15.257048
9.452736
22.056385
16.086235
13.598673
16.583748
10.779436
8.623549000000001
9.618574000000001
10.447761
43.274854
25.146199
25.146199
15.789474
-16.374269
-19.883041
-26.315789
-26.900585
-47.953216
-38.011696
-37.426901
-52.046784
-63.74269
-94.736842
-102.339181
-130.409357
-125.146199
-143.859649
-159.064327
-216.374269
-230.994152
-178.362573
-212.865497
-202.923977
-233.918129
-223.976608
-227.48538
-225.146199
-204.093567
-203.508772
-198.245614
-197.660819
-178.947368
-206.432749
-197.660819
9.819967
9.656300999999999
13.256956
16.202946
22.913257
95.56962
35.02455
32.89689
40.91653
31.423895
26.841244
25.368249
166.206897
157.241379
151.724138
150.344828
170.344828
180.0
152.413793
153.793103
190.344828
160.689655
173.103448
193.103448
228.275862
215.862069
220.689655
204.137931
224.137931
195.862069
215.172414
224.137931
211.034483
186.206897
160.0
142.068966
146.896552
170.344828
184.137931
75.730994
78.07017500000001
72.222222
81.87134500000001
75.146199
34.693878
58.479532
48.538012
53.80117
50.292398
48.245614
51.754386
60.818713
67.251462
68.421053
75.146199
82.45614
75.730994
73.684211
84.50292399999999
75.462963
95.37036999999999
91.666667
116.203704
129.166667
144.444444
160.648148
180.555556
193.518519
210.185185
200.462963
196.296296
188.425926
204.166667
201.388889
218.518519
191.203704
204.166667
203.703704
182.87037
84.349593
87.601626
89.227642
84.75609799999999
82.113821
76.504065
75.20325200000001
82.31707299999999
78.04877999999999
68.089431
68.495935
70.325203
75.0
78.04877999999999
72.560976
73.577236
74.390244
71.341463
77.235772
77.439024
26.506024
18.072289
8.433735
40.04065
36.788618
43.089431
35.569106
38.414634
41.666667
47.052846
47.154472
51.829268
52.235772
57.113821
50.0
9.717867999999999
34.146341
44.918699
33.333333
34.756098
36.585366
39.227642
31.707317
32.113821
36.382114
32.317073
32.723577
39.837398
48.170732
43.292683
36.43617
22.074468
17.553191
7.978723
11.968085
17.021277
16.755319
11.170213
0.265957
1.06383
7.284768
30.463576
58.940397
27.81457
-10.596026
17.801047
22.513089
12.041885
23.036649
27.748691
19.371728
18.324607
7.853403
10.994764
6.282723
1.04712
-35.078534
-12.041885
-35.078534
-75.39267
-104.188482
-133.507853
-132.460733
-101.413613
-134.554974
-119.371728
-137.696335
-172.774869
-162.303665
-154.450262
-179.057592
-168.586387
99.789637
99.797326
13.657407
11.574074
15.740741
17.592593
18.518519
24.074074
27.314815
32.87037
25.694444
29.861111
38.194444
36.574074
33.101852
28.472222
26.62037
67.46988
66.86747
78.915663
83.13253
75.903614
78.313253
77.108434
98.19277099999999
71.686747
87.951807
98.795181
124.698795
171.686747
202.409639
193.975904
183.73494
162.048193
158.433735
140.361446
130.722892
61.931818
69.31818199999999
69.31818199999999
73.011364
74.715909
76.988636
74.147727
73.863636
81.25
86.079545
94.31818199999999
92.613636
90.05681800000001
92.329545
92.329545
84.375
81.25
80.113636
90.625
83.80681800000001
90.419162
88.323353
66.467066
63.473054
67.964072
89.221557
91.916168
118.263473
111.077844
112.57485
