346.961326
345.856354
347.513812
351.381215
349.723757
348.066298
346.40884
345.856354
346.40884
341.436464
335.359116
330.939227
329.834254
335.911602
334.254144
333.701657
333.149171
329.281768
329.281768
324.309392
323.756906
323.756906
324.309392
324.309392
330.38674
329.834254
335.911602
340.331492
337.016575
335.359116
335.911602
335.911602
340.331492
335.911602
334.254144
330.38674
330.939227
329.834254
333.149171
335.911602
335.911602
340.331492
335.911602
335.359116
335.911602
338.674033
336.464088
341.436464
335.359116
334.254144
336.464088
335.911602
335.359116
340.883978
340.883978
348.618785
351.933702
351.933702
349.723757
345.856354
340.883978
332.044199
328.729282
329.281768
330.38674
340.331492
340.883978
340.331492
335.911602
335.911602
335.911602
336.464088
335.911602
341.436464
341.436464
341.436464
353.038674
353.038674
-0.785853
-0.785122
-0.7778119999999999
-0.781467
-0.781467
-0.748571
-0.751495
-0.7412609999999999
-0.741992
-0.7456469999999999
-0.749302
-0.741992
-0.729564
-0.729564
-0.731026
-0.720792
-0.7112889999999999
-0.706171
-0.707633
-0.71202
-0.718599
-0.721523
-0.735412
-0.733219
-0.729564
-0.741992
-0.735412
-0.735412
-0.748571
-0.7412609999999999
-0.729564
-0.727371
-0.72664
-0.7134819999999999
-0.712751
-0.703978
-0.691551
-0.690089
-0.676199
-0.674737
-0.667427
-0.660117
-0.663041
-0.660117
-0.681316
-0.699592
-0.701054
-0.712751
-0.7112889999999999
-0.71202
-0.722985
-0.696668
-0.715675
-0.728833
-0.725909
-0.729564
-0.72664
-0.725909
-0.717868
-0.720061
-0.718599
-0.727371
-0.75515
-0.75515
-0.758074
-0.7712329999999999
-0.7778119999999999
-0.7478399999999999
-0.768309
-0.7500329999999999
-0.7412609999999999
-0.72664
-0.71933
-0.721523
-0.727371
-0.709095
-0.715675
-0.71202
-0.704709
-0.704709
-0.7134819999999999
-0.714213
-0.71933
-0.697399
-0.690089
-0.69813
-0.693013
-0.674737
-0.663041
-0.661579
-0.675468
-0.661579
-0.638917
-0.646958
-0.647689
-0.654999
-0.647689
-0.643303
-0.64842
-0.638917
-0.631607
-0.62722
-0.603828
-0.630145
-0.64111
-0.611138
-0.613331
-0.661579
-0.668889
-0.698861
-0.70544
-0.710557
-0.71202
-0.706171
-0.691551
-0.69813
-0.693744
-0.697399
-0.70544
-0.691551
-0.709095
-0.727371
-0.720792
-0.714944
-0.697399
-0.72664
-0.725909
-0.728102
-0.71933
-0.676199
-0.654268
-0.663772
-0.687165
-0.69813
-0.714944
-0.747109
-0.756612
-0.7500329999999999
-0.7390679999999999
-0.759536
-0.74053
-0.732488
-0.7412609999999999
-0.741992
-0.734681
-0.742723
-0.744185
-0.763191
-0.771964
-0.779274
-0.780736
-0.760267
-0.750764
-0.733219
-0.7390679999999999
-0.735412
-0.748571
-0.765384
-0.7778119999999999
-0.779274
-0.772695
-0.752226
-0.764653
-0.7500329999999999
-0.748571
-0.7478399999999999
-0.791701
-0.793163
-0.792432
-0.782929
-0.756612
-0.758805
-0.741992
-0.749302
-0.7478399999999999
-0.744185
-0.741992
-0.741992
-0.751495
-0.7434539999999999
-0.7434539999999999
-0.744185
-0.763191
-0.728833
-0.737605
-0.733219
-0.7412609999999999
-0.738336
-0.734681
-0.737605
-0.720792
-0.727371
-0.7112889999999999
-0.724447
-0.724447
-0.725178
-0.73395
-0.717868
-0.707633
-0.697399
-0.703247
-0.698861
-0.699592
-0.699592
-0.691551
-0.682778
-0.668158
-0.66962
-0.660848
-0.631607
-0.647689
-0.660848
-0.645496
-0.652806
-0.64842
-0.650613
-0.657193
-0.625758
-0.627952
-0.630876
-0.623565
-0.667427
-0.670351
-0.678392
-0.679123
-0.674737
-0.668158
-0.671082
-0.684972
-0.678392
-0.684241
-0.698861
-0.69082
-0.692282
-0.689358
-0.691551
-0.704709
-0.714944
-0.710557
-0.709826
-0.703247
-0.700323
-0.688627
-0.654999
-0.638917
-0.630145
-0.609676
-0.60529
-0.608214
-0.64111
-0.620641
-0.614062
-0.627952
-0.611869
-0.616255
-0.60529
-0.606752
-0.723716
-0.758074
-0.788777
-0.793163
-0.813632
-0.823136
-0.7968190000000001
-0.772695
-0.780736
-0.8033979999999999
-0.782929
-0.7756189999999999
-0.766846
-0.768309
-0.793894
-0.812901
-0.8012049999999999
-0.785853
-0.796088
-0.7843909999999999
-0.774157
-0.751495
-0.738336
-0.760267
-0.742723
-0.742723
-0.761729
-0.7734259999999999
-0.78366
-0.808515
-0.801936
-0.8077839999999999
-0.8055909999999999
-0.817287
-0.818018
-0.815825
-0.825329
-0.831908
-0.820211
-0.831908
-0.850915
-0.855301
-0.845797
-0.8465279999999999
-0.8377559999999999
-0.841411
-0.8421419999999999
-0.849452
-0.84068
-0.84799
-0.850915
-0.8523770000000001
-0.8399489999999999
-0.8399489999999999
-0.8399489999999999
-0.853839
-0.857494
-0.830446
-0.8245980000000001
-0.841411
-0.837025
-0.832639
-0.832639
-0.8311770000000001
-0.795357
-0.82606
-0.8377559999999999
-0.8355629999999999
-0.8443349999999999
-0.853839
-0.838487
-0.860418
-0.850183
-0.843604
-0.8333700000000001
-0.8465279999999999
-0.845797
-0.8355629999999999
-0.8487209999999999
-0.843604
-0.830446
-0.847259
-0.808515
-0.801936
-0.823867
-0.8289840000000001
-0.807053
-0.78366
-0.77635
-0.771964
-0.7800049999999999
-0.795357
-0.811439
-0.80486
-0.7968190000000001
-0.779274
-0.758074
-0.758805
-0.747109
-0.765384
-0.758805
-0.760998
-0.7734259999999999
-0.752957
-0.765384
-0.777081
-0.789508
-0.791701
-0.7821979999999999
-0.799743
-0.804129
-0.8099769999999999
-0.8121699999999999
-0.8245980000000001
-0.834101
-0.8355629999999999
-0.832639
-0.8245980000000001
-0.825329
-0.834832
-0.825329
-0.831908
-0.838487
-0.815825
-0.8012049999999999
-0.8012049999999999
-0.801936
-0.8165559999999999
-0.837025
-0.842873
-0.839218
-0.838487
-0.84068
-0.8399489999999999
-0.842873
-0.8465279999999999
-0.845066
-0.847259
-0.836294
-0.8399489999999999
-0.84068
-0.831908
-0.8333700000000001
-0.8399489999999999
-0.84068
-0.8377559999999999
-0.834832
-0.836294
-0.84068
-0.838487
-0.841411
-0.84068
-0.857494
-0.855301
-0.856032
-0.855301
-0.8523770000000001
-0.855301
-0.856032
-0.853839
-0.8545700000000001
-0.855301
-0.860418
-0.850915
-0.851646
-0.8465279999999999
-0.845797
-0.845797
-0.838487
-0.839218
-0.838487
-0.838487
-0.843604
-0.830446
-0.838487
-0.8465279999999999
-0.84799
-0.8443349999999999
-0.845797
-0.832639
-0.841411
-0.825329
-0.845797
-0.845797
-0.847259
-0.8399489999999999
-0.8399489999999999
-0.8465279999999999
-0.847259
-0.845797
-0.8487209999999999
-0.847259
-0.8487209999999999
-0.84799
-0.858225
-0.860418
-0.86188
-0.8633420000000001
-0.8611490000000001
-0.8589560000000001
-0.857494
-0.850183
-0.8355629999999999
-0.84799
-0.831908
-0.827522
-0.810708
-0.8245980000000001
-0.8245980000000001
-0.831908
-0.831908
-0.831908
-0.838487
-0.8399489999999999
-0.8523770000000001
-0.8523770000000001
-0.847259
-0.847259
-0.853839
-0.853108
-0.8567630000000001
-0.853108
-0.851646
-0.84799
-0.845797
-0.84799
-0.8443349999999999
-0.841411
-0.845066
-0.8399489999999999
-0.8465279999999999
-0.8399489999999999
-0.8465279999999999
-0.836294
-0.845797
-0.842873
-0.847259
-0.842873
-0.8465279999999999
-0.850183
-0.8443349999999999
-0.843604
-0.843604
-0.845797
-0.8523770000000001
-0.8523770000000001
-0.850183
-0.845797
-0.845066
-0.847259
-0.847259
-0.842873
-0.847259
-0.853839
-0.860418
-0.875769
-0.8743069999999999
-0.8764999999999999
-0.888197
-0.900624
-0.9042790000000001
-0.9020860000000001
-0.891852
-0.894776
-0.8911210000000001
-0.885273
-0.887466
-0.907935
-0.915245
-0.92621
-0.898431
-0.905741
-0.905741
-0.902817
-0.902817
-0.905741
-0.9042790000000001
-0.910128
-0.907935
-0.913783
-0.912321
-0.915245
-0.936445
-0.936445
-0.926941
-0.913783
-0.918169
-0.9210930000000001
-0.930596
-0.924017
-0.918169
-0.9232860000000001
-0.936445
-0.942293
-0.953989
-0.964955
-0.982499
-0.976651
-0.986154
-0.978844
-0.982499
-0.971534
-0.960568
-0.950334
-0.9320580000000001
-0.934983
-0.941562
-0.942293
-0.942293
-0.973727
-0.981768
-0.983961
-0.981768
-0.985423
-0.986885
-0.974458
-0.97592
-0.980306
-1.029285
-1.030016
-1.023437
-1.031478
-1.03294
-1.043905
-1.043905
-1.045367
-1.044636
-1.045367
-1.044636
-1.038057
-1.039519
-1.036595
-1.036595
-1.038057
-1.036595
-1.022706
-1.023437
-1.014664
-1.015395
-1.015395
-1.022706
-1.024168
-1.02563
-1.030016
-1.03294
-1.03294
-1.037326
-1.023437
-1.022706
-1.022706
-1.030747
-1.030016
-1.030747
-1.029285
-1.021975
-1.021975
-1.032209
-1.030747
-1.030016
-1.032209
-1.030016
-1.029285
-1.022706
-1.022706
-1.015395
-1.015395
-1.015395
-1.017588
-1.016857
-1.031478
-1.030016
-1.02563
-1.024899
-1.032209
-1.015395
-1.008085
-1.015395
-1.021244
-1.01832
-1.001506
-0.991272
-0.989809
-0.985423
-0.986885
-1.002237
-0.999313
-0.992003
-0.992003
-0.986885
-0.981768
-0.978844
-0.9598370000000001
-0.964224
-0.986885
-0.970803
-0.966417
-0.995658
-1.016126
-1.019782
-1.013202
-1.01832
-1.035133
-1.029285
-1.015395
-0.99712
-1.000044
-1.000775
-1.001506
-1.013933
-1.030016
-1.036595
-1.036595
-1.011009
-1.024899
-1.021975
-1.016126
-1.019051
-1.013202
-1.008085
-1.010278
-1.017588
-1.017588
-1.021244
-1.014664
-1.019782
-1.030747
-1.037326
-1.053409
-1.050485
-1.059257
-1.045367
-1.036595
-1.041712
-1.049754
-1.048292
-1.059988
-1.084112
-1.087036
-1.086305
-1.102388
-1.114084
-1.112622
-1.07534
-1.073146
-1.044636
-1.066567
-1.068029
-1.073878
-1.051216
-1.05414
-1.035864
-1.029285
-1.042443
-1.092153
-1.092153
-1.110429
-1.09727
-1.070953
-1.085574
-1.100194
-1.081188
-1.110429
-1.125049
-1.122856
-1.11847
-1.112622
-1.121394
-1.112622
-1.11116
-1.113353
-1.098001
-1.116277
-1.122125
-1.152828
-1.179876
-1.199614
-1.204731
-1.195959
-1.18938
-1.172566
-1.200345
-1.190111
-1.1828
-1.184262
-1.198883
-1.199614
-1.247862
-1.259558
-1.23251
-1.242014
-1.250055
-1.242014
-1.260289
-1.257365
-1.243476
-1.236165
-1.261751
-1.269062
-1.280758
-1.271986
-1.249324
-1.255903
-1.236165
-1.219352
-1.2252
-1.212772
-1.212041
-1.226662
-1.204731
-1.206193
-1.236165
-1.250786
-1.259558
-1.255903
-1.26102
-1.258096
-1.266137
-1.257365
-1.247131
-1.217159
-1.218621
-1.220083
-1.220814
-1.216428
-1.215697
-1.2252
-1.234703
-1.225931
-1.215697
-1.230317
-1.274179
-1.231048
-1.247862
-1.244938
-1.231048
-1.224469
-1.229586
-1.224469
-1.172566
-1.176221
-1.171104
-1.172566
-1.198883
-1.176952
-1.194497
-1.209117
-1.209117
-1.187187
-1.179145
-1.190111
-1.201076
-1.190111
-1.173297
-1.19669
-1.172566
-1.143325
-1.144056
-1.136746
-1.13236
-1.163063
-1.151366
-1.194497
-1.203269
-1.202538
-1.210579
-1.190842
-1.195959
-1.203269
-1.197421
-1.186456
-1.198883
-1.162332
-1.184993
-1.184262
-1.149904
-1.133091
-1.143325
-1.146249
-1.157214
-1.147711
-1.16087
-1.170373
-1.179876
-1.183531
-1.190111
-1.1828
-1.1828
-1.174028
-1.169642
-1.17549
-1.185725
-1.17549
-1.194497
-1.197421
-1.184262
-1.177683
-1.194497
-1.195228
-1.206924
-1.199614
-1.206924
-1.199614
-1.201076
-1.212041
-1.220814
-1.220083
-1.233972
-1.228855
-1.222276
-1.208386
-1.187918
-1.187187
-1.17549
-1.176952
-1.1828
-1.206924
-1.191573
-1.188649
-1.177683
-1.188649
-1.188649
-1.200345
-1.184993
-1.183531
-1.195228
-1.186456
-1.195228
-1.195228
-1.190842
-1.198883
-1.203269
-1.198883
-1.206924
-1.212772
-1.220083
-1.21789
-1.212772
-1.198883
-1.201807
-1.201807
-1.198152
-1.198883
-1.206193
-1.206193
-1.234703
-1.248593
-1.240551
-1.224469
-1.220083
-1.226662
-1.212772
-1.207655
-1.205462
-1.200345
-1.209848
-1.1828
-1.17549
-1.163063
-1.176221
-1.166718
-1.152828
-1.16087
-1.168911
-1.179145
-1.162332
-1.161601
-1.163063
-1.156483
-1.15429
-1.156483
-1.153559
-1.152828
-1.156483
-1.170373
-1.165987
-1.155021
-1.159408
-1.170373
-1.153559
-1.128704
-1.12578
-1.127242
-1.13236
-1.116277
-1.111891
-1.10385
-1.10385
-1.11847
-1.107505
-1.112622
-1.129436
-1.121394
-1.134553
-1.112622
-1.125049
-1.134553
-1.133091
-1.141863
-1.130898
-1.156483
-1.15429
-1.138208
-1.13967
-1.122125
-1.111891
-1.13236
-1.133091
-1.152828
-1.148442
-1.138939
-1.10385
-1.114815
-1.114815
-1.125049
-1.12578
-1.111891
-1.108967
-1.109698
-1.120663
-1.119201
-1.120663
-1.106774
-1.11847
-1.124318
-1.13236
-1.119932
-1.115546
-1.123587
-1.114815
-1.125049
-1.142594
-1.13236
-1.145518
-1.14698
-1.130898
-1.133091
-1.136746
-1.138208
-1.140401
-1.123587
-1.136746
-1.144787
-1.152097
-1.180607
-1.138208
-1.136746
-1.153559
-1.159408
-1.165987
-1.174028
-1.172566
-1.167449
-1.157946
-1.141132
-1.138939
-1.126511
-1.131629
-1.135284
-1.128704
-1.124318
-1.129436
-1.109698
-1.126511
-1.119932
-1.110429
-1.119932
-1.117008
-1.110429
-1.130167
-1.199614
-1.224469
-1.242014
-1.241283
-1.222276
-1.227393
-1.244207
-1.231779
-1.233241
-1.233972
-1.236165
-1.23982
-1.238358
-1.241283
-1.227393
-1.236165
-1.236165
-1.231048
-1.236896
-1.236165
-1.237627
-1.231779
-1.227393
-1.214966
-1.237627
-1.235434
-1.243476
-1.238358
-1.229586
95.68671999999999
95.68671999999999
94.6084
94.778661
94.665153
95.74347299999999
97.446084
96.027242
95.573212
97.38933
99.432463
100.170261
99.432463
97.78660600000001
99.432463
98.297389
98.127128
98.297389
99.489217
98.92167999999999
99.262202
97.72985199999999
98.070375
97.502838
99.262202
100.170261
101.362089
101.872872
101.589103
101.248581
101.645857
105.164586
103.916005
101.418842
102.213394
98.808173
98.97843399999999
99.489217
99.375709
100.567537
99.432463
97.502838
99.262202
98.637911
98.694665
97.956867
98.694665
97.04880799999999
96.651532
97.559591
97.38933
97.616345
96.254257
95.856981
95.856981
96.992054
96.935301
96.31101
94.49489199999999
94.211124
92.735528
94.438138
93.92735500000001
94.49489199999999
96.992054
95.629966
98.013621
98.183882
98.581158
98.808173
98.751419
100.737798
99.77298500000001
102.213394
103.461975
102.213394
100.397276
100.283768
101.589103
102.440409
101.53235
98.864926
97.38933
95.970488
94.6084
95.005675
95.856981
98.070375
98.581158
98.41089700000001
95.970488
98.127128
97.900114
96.76504
95.970488
95.856981
98.694665
97.956867
98.183882
97.275823
96.821793
99.09194100000001
99.375709
99.432463
93.643587
92.451759
93.757094
94.38138499999999
94.49489199999999
92.224745
93.530079
91.713961
93.24631100000001
94.097616
91.5437
89.95459700000001
90.124858
93.303065
94.097616
93.473326
93.92735500000001
93.87060200000001
91.486947
92.50851299999999
93.530079
91.600454
91.316686
92.167991
91.82746899999999
91.94097600000001
92.054484
92.50851299999999
93.586833
94.948922
95.346198
94.778661
94.15437
94.665153
94.835414
92.281498
92.054484
93.07605
93.473326
93.586833
93.019296
93.18955699999999
93.359818
93.18955699999999
94.15437
93.416572
-1.212041
-1.206193
-1.198883
-1.205462
-1.227393
-1.234703
-1.220083
-1.220083
-1.207655
-1.197421
-1.195959
-1.212041
-1.19669
-1.194497
-1.197421
-1.198883
-1.220083
-1.2252
-1.221545
-1.204
-1.212041
-1.205462
-1.213504
-1.235434
-1.231779
-1.229586
-1.245669
-1.244207
-1.248593
-1.23982
-1.23251
-1.227393
-1.209848
-1.205462
-1.193766
-1.192304
-1.174028
-1.174028
-1.184993
-1.186456
-1.185725
-1.199614
-1.205462
-1.181338
-1.201076
-1.199614
-1.193035
-1.184993
-1.187918
-1.176221
-1.181338
-1.17549
-1.170373
-1.174759
-1.173297
-1.173297
-1.181338
-1.190842
-1.209848
-1.215697
-1.204731
-1.200345
-1.207655
-1.205462
-1.204731
-1.206193
-1.201807
-1.202538
-1.198152
-1.197421
-1.195228
-1.195959
-1.201807
-1.204731
-1.201807
-1.197421
-1.199614
-1.212041
-1.212041
-1.223007
-1.228855
-1.234703
-1.238358
-1.236896
-1.231779
-1.242014
-1.241283
-1.239089
-1.233972
-1.237627
-1.255172
-1.249324
-1.258827
-1.250786
-1.254441
-1.259558
-1.257365
-1.251517
-1.244207
-1.249324
-1.242014
-1.242014
-1.233972
-1.236165
-1.236165
-1.234703
-1.236165
-1.242014
-1.249324
-1.254441
-1.254441
-1.257365
-1.257365
-1.256634
-1.2464
-1.251517
-1.242014
-1.242014
-1.242745
-1.239089
-1.23982
-1.242014
-1.249324
-1.250786
-1.244938
-1.248593
-1.242014
-1.229586
-1.231048
-1.227393
-1.228124
-1.228124
-1.226662
-1.222276
-1.219352
-1.212041
-1.212041
-1.204731
-1.198883
-1.197421
-1.197421
-1.205462
-1.217159
-1.206193
-1.205462
-1.214966
-1.212772
-1.215697
-1.206193
-1.201807
-1.212772
-1.215697
-1.227393
-1.231779
-1.231779
-1.239089
-1.228855
-1.233972
-1.236896
-1.227393
-1.236896
-1.242014
-1.244938
-1.251517
-1.252979
-1.248593
-1.234703
-1.236896
-1.234703
-1.218621
-1.216428
-1.212041
-1.194497
-1.191573
-1.190842
-1.193035
-1.193035
-1.192304
-1.199614
-1.183531
-1.174759
-1.170373
-1.171104
-1.177683
-1.179145
-1.173297
-1.169642
-1.178414
-1.168911
-1.167449
-1.176221
-1.176221
-1.176952
-1.181338
-1.176221
-1.176221
-1.176221
-1.186456
-1.208386
-1.207655
-1.201807
-1.205462
-1.204731
-1.208386
-1.206193
-1.197421
-1.199614
-1.205462
-1.199614
-1.174759
99.724496
99.72089
99.725938
99.719448
99.71151399999999
99.719448
99.71800500000001
99.710793
99.713678
99.719448
99.720169
99.725938
99.72882300000001
99.74973900000001
99.759114
99.76560499999999
99.76560499999999
99.764884
99.74973900000001
99.757672
99.763442
99.745411
99.746132
99.75046
99.75478699999999
99.757672
99.757672
99.761278
99.757672
99.773539
99.790848
99.800224
99.795175
99.813205
99.813205
99.826909
99.826909
99.82186
99.82402399999999
99.812484
99.81392700000001
99.826909
99.81969599999999
99.844939
99.833399
99.842054
99.833399
99.83556299999999
99.828351
99.82763
99.831957
99.82186
99.817533
99.80383
99.81897499999999
99.813205
99.813205
99.804551
99.805993
99.784357
99.79301100000001
99.79228999999999
99.791569
99.790848
99.799502
99.80887799999999
99.804551
99.780751
99.79228999999999
99.791569
99.821139
99.81969599999999
99.820418
99.80887799999999
99.80959900000001
99.815369
99.821139
99.812484
99.813205
99.81609
99.802387
99.802387
99.795896
50.980392
46.840959
47.930283
48.366013
49.237473
32.461874
39.869281
37.690632
31.590414
29.1939
32.461874
35.511983
35.294118
27.015251
21.568627
22.004357
20.479303
17.429194
11.546841
6.753813
10.239651
15.250545
9.586057
10.239651
13.507625
18.736383
22.004357
24.183007
19.389978
25.490196
22.004357
28.540305
30.718954
29.847495
27.233115
29.62963
24.183007
23.529412
25.272331
36.165577
34.204793
29.411765
27.668845
19.825708
24.400871
32.461874
31.808279
29.411765
29.62963
30.065359
25.272331
16.339869
11.328976
10.457516
8.932461999999999
5.882353
8.061002
4.575163
-1.30719
-0.653595
-0.217865
6.535948
13.071895
10.893246
9.368192000000001
15.250545
18.736383
17.864924
15.250545
13.507625
16.557734
12.854031
15.250545
17.211329
16.557734
16.993464
15.686275
11.546841
8.496732
9.368192000000001
12.854031
16.557734
17.211329
18.954248
16.339869
16.993464
27.015251
32.897603
39.651416
39.433551
31.372549
25.272331
32.679739
28.75817
30.283224
29.1939
32.244009
30.936819
38.997821
34.204793
32.679739
35.729847
38.779956
31.808279
30.065359
26.361656
27.45098
27.88671
26.797386
24.400871
21.132898
28.75817
32.461874
30.718954
31.154684
23.747277
17.211329
22.657952
21.786492
21.786492
10.021786
14.379085
13.071895
15.03268
7.407407
5.010893
5.010893
8.496732
5.882353
-1.960784
2.614379
5.664488
1.960784
-0.43573
6.100218
4.139434
-0.87146
-4.139434
-4.793028
-2.832244
-3.485839
-4.793028
-3.267974
-3.703704
-4.793028
-3.050109
-2.614379
4.793028
8.061002
5.882353
6.318083
3.050109
6.535948
5.228758
4.139434
3.703704
8.278867
4.357298
3.267974
4.793028
0.0
3.921569
3.921569
3.703704
5.446623
8.714596999999999
10.457516
8.278867
6.318083
4.357298
10.239651
12.854031
13.72549
11.764706
4.575163
8.932461999999999
8.932461999999999
10.021786
10.457516
10.457516
14.814815
11.982571
12.854031
13.72549
12.200436
13.071895
6.318083
6.535948
3.267974
-0.43573
-0.217865
1.525054
1.525054
0.217865
1.742919
2.178649
-1.30719
-8.496732
-8.714596999999999
-10.239651
-13.071895
-11.546841
-12.636166
-13.28976
-11.111111
-15.46841
-15.250545
-21.786492
-25.272331
-23.965142
-21.568627
-13.507625
-12.200436
-13.507625
-15.46841
-15.686275
-15.686275
-15.904139
-13.507625
-15.904139
-13.72549
-14.16122
-17.647059
-14.814815
-16.775599
-17.211329
-20.697168
-21.786492
-17.864924
-15.46841
-12.200436
-11.546841
-13.507625
-18.736383
-22.657952
-16.557734
-11.111111
-7.843137
-6.100218
-6.100218
-4.793028
-8.714596999999999
-11.764706
-13.507625
-8.932461999999999
-7.843137
-14.16122
-14.16122
-10.893246
-14.814815
-16.993464
-17.647059
-15.250545
-13.72549
-9.368192000000001
-4.357298
-6.535948
-7.189542
-8.278867
-11.328976
-11.111111
-7.189542
-6.318083
-4.139434
-0.43573
1.525054
-0.217865
0.0
-1.960784
-2.178649
-2.614379
-6.535948
-5.010893
-4.357298
-3.050109
-2.832244
-2.178649
-2.396514
-2.832244
-3.485839
-2.614379
-2.832244
-2.832244
-5.010893
-4.575163
-9.150327000000001
-9.368192000000001
-11.546841
-10.021786
-9.586057
-9.150327000000001
-6.971678
-5.228758
-3.050109
-3.050109
-0.43573
-0.43573
1.30719
1.742919
2.396514
1.525054
-2.832244
-7.189542
-4.793028
-6.535948
-9.368192000000001
-8.278867
-7.189542
-4.575163
-6.535948
-5.228758
-13.28976
-10.239651
-9.368192000000001
-10.457516
-11.328976
-9.586057
-9.150327000000001
-10.021786
-7.625272
-5.010893
-2.614379
-2.614379
-6.318083
-4.357298
-2.178649
-0.217865
1.742919
1.525054
-2.396514
-5.010893
-9.368192000000001
-11.764706
-11.328976
-11.764706
-10.893246
-13.507625
-11.546841
-10.457516
-10.457516
-13.28976
-11.111111
-9.368192000000001
-7.189542
-8.714596999999999
-6.971678
-7.189542
-6.971678
-6.971678
-6.753813
-8.496732
-12.418301
-12.200436
-12.418301
-15.904139
-18.082789
-15.686275
-18.082789
-21.350763
-19.825708
0.677966
0.677966
-1.525424
-3.389831
-3.559322
-4.745763
-4.237288
-4.237288
-3.559322
-3.728814
-4.237288
-5.084746
-4.40678
-5.254237
-5.254237
-4.745763
-4.915254
-3.220339
-3.559322
-4.067797
-4.40678
-4.915254
-4.40678
-4.576271
-4.745763
-4.915254
-5.254237
-5.084746
-6.101695
-8.644068000000001
-7.288136
-6.440678
-6.271186
-5.254237
-1.864407
-2.711864
-3.220339
-3.389831
-4.576271
-4.237288
-4.237288
-4.576271
-8.135593
-5.423729
-5.762712
-6.610169
-6.610169
-5.59322
-6.101695
-4.745763
-6.271186
-5.423729
-5.59322
-6.440678
-11.355932
-9.491524999999999
-4.915254
-3.389831
-1.864407
-0.338983
-0.169492
-3.050847
-0.338983
-1.525424
-10.0
-6.440678
-6.779661
-6.610169
-6.101695
-7.79661
-10.338983
-10.338983
-12.033898
-7.966102
-6.101695
-5.084746
-4.745763
-3.728814
-4.915254
-4.40678
-3.559322
-1.525424
-1.864407
-0.169492
0.169492
0.0
0.338983
1.525424
0.0
0.338983
-2.711864
-0.847458
-1.016949
-3.220339
-5.084746
-5.59322
-3.898305
-1.186441
-0.677966
0.677966
-1.525424
0.169492
-1.694915
-3.728814
-4.237288
-4.915254
-5.254237
-11.694915
-11.525424
-16.779661
-22.542373
-23.728814
-23.559322
-23.220339
-22.881356
-19.830508
-17.118644
-16.610169
-13.389831
-13.050847
-10.677966
-11.694915
-18.305085
-18.135593
-16.949153
-14.067797
-6.101695
-8.644068000000001
-5.254237
9.661016999999999
-0.847458
-1.525424
-1.864407
0.677966
-4.915254
-4.745763
-5.084746
-1.355932
0.0
-4.576271
-4.915254
-12.033898
-14.237288
-9.322034
-10.0
-7.118644
-13.050847
-11.355932
-9.830508
-13.220339
-9.491524999999999
-10.0
-6.271186
-9.322034
-8.305085
-7.288136
-8.305085
-7.966102
-4.576271
-12.20339
-14.576271
-14.915254
-17.118644
-18.644068
-19.322034
-21.186441
-24.915254
-27.966102
-32.542373
-28.983051
-30.508475
-35.423729
-35.59322
-35.084746
-32.881356
-26.610169
-24.576271
-30.169492
-36.949153
-36.949153
-38.305085
-37.288136
-37.118644
-32.372881
-31.186441
-31.694915
-29.491525
-28.305085
-30.338983
-30.677966
-28.813559
-32.542373
-37.118644
-39.322034
-34.915254
-36.949153
-39.322034
-37.457627
-36.271186
-31.694915
-27.627119
-27.457627
-24.915254
-23.220339
-24.067797
-25.084746
-22.711864
-21.864407
-21.525424
-18.135593
-23.559322
-23.389831
-23.389831
-23.559322
-26.949153
-22.20339
-23.728814
-23.050847
-22.20339
-26.949153
-28.983051
-32.20339
-31.864407
-31.864407
-31.016949
-29.830508
-27.79661
-22.20339
-22.542373
-23.559322
-28.474576
-29.830508
-26.610169
-27.288136
-26.271186
-28.474576
-25.254237
-22.711864
-23.050847
-20.169492
-21.864407
-23.220339
-22.20339
-20.847458
-23.389831
-25.59322
-26.610169
-27.288136
-28.135593
-26.779661
-26.779661
-25.932203
-26.779661
-21.864407
-20.0
-20.0
-18.305085
-16.440678
-17.627119
-16.779661
-18.813559
-17.627119
-14.915254
-11.694915
-14.40678
-15.084746
-13.559322
-11.525424
-11.355932
-12.372881
-11.525424
-10.338983
-7.966102
-6.271186
-2.711864
-1.355932
-1.186441
-3.050847
-4.576271
-5.084746
-9.491524999999999
-14.915254
-15.254237
-14.915254
-15.932203
-15.423729
-15.084746
-17.457627
-17.966102
-18.305085
-19.491525
-17.288136
-18.305085
-20.0
-20.169492
-18.305085
-17.118644
-17.288136
-13.728814
-16.271186
-19.661017
-19.661017
-22.20339
-22.372881
-20.508475
-23.559322
-22.542373
-23.220339
-22.372881
-23.898305
-23.898305
-22.033898
-22.542373
-21.864407
-20.508475
-22.372881
-22.033898
-20.677966
-22.542373
-25.423729
-27.627119
-31.186441
-30.847458
-34.067797
-33.898305
-31.864407
-33.728814
-32.542373
-31.355932
-33.389831
-25.084746
-22.542373
-23.389831
-23.728814
-26.949153
-25.932203
-25.59322
-24.915254
-24.745763
-23.559322
-23.050847
-22.542373
-25.932203
-27.966102
-28.813559
-27.627119
-27.627119
-28.474576
-27.457627
-27.118644
-30.847458
-27.627119
-26.949153
-23.728814
-22.20339
-24.237288
-27.457627
-28.305085
-29.152542
-30.847458
-31.694915
-31.016949
-30.169492
-26.101695
-21.864407
-22.372881
-21.864407
-20.677966
-20.169492
-21.525424
-25.254237
-25.762712
-21.864407
-22.20339
-20.169492
-21.525424
-21.694915
-20.0
-20.338983
-24.745763
-26.949153
-23.559322
-20.169492
-14.915254
-14.745763
-13.898305
-15.423729
-12.033898
-8.135593
-3.050847
-1.864407
-2.372881
-2.20339
1.525424
1.186441
2.033898
5.59322
3.389831
6.779661
7.966102
12.033898
15.084746
14.745763
14.915254
14.40678
14.576271
14.576271
12.711864
12.372881
9.830508
9.661016999999999
10.0
11.355932
11.864407
11.694915
16.779661
16.440678
10.847458
9.661016999999999
7.627119
7.627119
6.610169
8.135593
8.644068000000001
7.966102
9.661016999999999
7.79661
6.271186
7.627119
6.271186
6.610169
4.915254
4.067797
-0.847458
-3.898305
-2.372881
-4.915254
-4.40678
-6.271186
-4.237288
-5.762712
-4.576271
-2.033898
-4.576271
-2.711864
2.542373
-0.338983
-1.864407
-4.40678
-6.271186
-9.152542
-6.949153
-8.135593
-5.084746
-7.457627
-13.728814
-17.627119
-17.288136
-21.525424
-18.813559
-13.389831
-15.254237
-14.237288
-13.898305
-11.355932
-12.542373
-12.20339
-11.864407
-16.779661
-20.169492
-15.423729
-12.20339
-13.050847
-13.220339
-6.610169
-4.40678
-6.779661
-8.644068000000001
-4.915254
28.827751
27.392344
30.502392
30.502392
28.4689
25.598086
30.263158
32.894737
33.732057
34.090909
32.655502
31.45933
29.30622
32.77512
32.77512
34.449761
35.406699
36.244019
31.818182
23.564593
24.760766
25.956938
25.837321
25.358852
24.401914
25.717703
31.818182
32.057416
33.971292
30.382775
32.894737
33.133971
32.416268
34.210526
33.971292
29.186603
34.330144
34.090909
35.526316
37.91866
39.114833
45.454545
47.129187
43.54067
50.837321
56.937799
62.91866
61.483254
60.406699
56.339713
59.569378
63.277512
63.038278
60.526316
57.177033
55.502392
50.478469
49.760766
50.717703
50.358852
53.229665
53.588517
55.382775
58.133971
56.937799
54.904306
54.904306
58.971292
61.483254
59.210526
55.143541
55.382775
56.45933
54.186603
57.057416
55.741627
54.545455
54.30622
53.349282
53.349282
51.674641
52.272727
50.119617
50.598086
51.913876
52.033493
52.990431
53.349282
59.449761
63.157895
64.114833
64.114833
62.200957
60.645933
60.406699
60.526316
69.617225
69.37799
67.583732
74.282297
77.870813
77.990431
78.708134
75.11961700000001
74.760766
73.684211
74.88038299999999
75.239234
75.239234
74.162679
76.196172
77.272727
82.17703299999999
81.698565
88.03827800000001
86.363636
86.24401899999999
85.885167
85.287081
86.363636
86.722488
86.60287099999999
87.440191
86.24401899999999
84.449761
85.885167
83.133971
83.97129200000001
84.210526
85.167464
84.330144
86.483254
87.440191
89.952153
89.832536
85.167464
88.995215
85.885167
87.440191
86.722488
87.440191
89.47368400000001
86.842105
85.885167
84.090909
82.655502
82.89473700000001
81.578947
81.45932999999999
82.77512
82.655502
82.416268
82.77512
82.77512
84.210526
85.52631599999999
86.60287099999999
88.875598
88.636364
88.875598
87.799043
87.67942600000001
86.483254
86.24401899999999
86.124402
87.799043
85.52631599999999
85.645933
87.91866
88.39712900000001
88.39712900000001
89.114833
92.22488
93.301435
91.507177
89.47368400000001
91.626794
91.985646
93.899522
93.779904
94.856459
94.856459
95.09569399999999
93.899522
95.454545
96.052632
95.574163
97.009569
95.215311
95.215311
94.856459
95.334928
95.215311
95.933014
97.24880400000001
98.205742
99.641148
97.84689
97.129187
97.60765600000001
97.60765600000001
98.32535900000001
97.727273
98.32535900000001
98.684211
100.598086
101.794258
102.033493
100.956938
100.956938
101.196172
101.555024
100.837321
100.837321
100.717703
99.88038299999999
99.760766
99.760766
99.401914
99.521531
100.239234
99.641148
98.684211
98.444976
98.32535900000001
98.803828
97.60765600000001
98.205742
96.650718
97.60765600000001
97.60765600000001
98.32535900000001
98.32535900000001
98.444976
98.564593
100.837321
100.239234
97.60765600000001
96.770335
97.60765600000001
98.564593
99.401914
98.923445
99.401914
97.009569
98.205742
98.086124
99.88038299999999
99.641148
99.760766
99.641148
99.162679
99.401914
99.04306200000001
99.88038299999999
99.88038299999999
99.401914
99.521531
98.803828
98.803828
96.411483
96.5311
96.5311
97.129187
94.976077
161.602871
161.244019
158.851675
159.688995
158.851675
158.492823
159.808612
159.210526
159.569378
160.406699
160.406699
161.124402
161.602871
161.602871
161.363636
161.124402
159.449761
161.124402
159.569378
159.569378
159.210526
158.253589
158.373206
158.971292
158.253589
158.253589
158.373206
156.339713
157.177033
154.784689
154.784689
154.665072
156.100478
156.45933
154.784689
153.827751
154.066986
155.741627
155.861244
155.143541
156.45933
155.62201
156.220096
154.665072
154.784689
153.947368
154.425837
154.425837
152.631579
154.186603
153.588517
154.545455
152.751196
148.564593
149.162679
149.641148
149.043062
149.641148
148.444976
150.239234
152.15311
152.033493
149.521531
149.521531
150.239234
151.674641
153.827751
153.708134
155.861244
157.416268
156.578947
156.220096
156.698565
155.382775
154.784689
154.665072
154.665072
154.784689
153.4689
155.502392
156.339713
158.971292
158.971292
159.449761
158.133971
157.77512
160.526316
161.483254
160.167464
160.645933
162.320574
162.200957
161.244019
161.124402
157.177033
156.698565
154.545455
155.980861
156.339713
154.665072
154.30622
155.502392
155.502392
155.382775
152.751196
154.904306
154.186603
157.057416
155.143541
160.167464
158.732057
159.090909
160.047847
157.77512
155.263158
153.229665
160.047847
159.808612
159.688995
159.569378
159.808612
159.569378
161.363636
159.688995
158.492823
156.698565
156.100478
153.349282
154.545455
152.511962
153.827751
152.272727
150.119617
150.239234
151.674641
149.521531
148.564593
149.641148
148.923445
148.684211
147.727273
147.248804
145.454545
144.856459
143.660287
142.464115
142.22488
141.746411
142.703349
142.942584
143.660287
144.856459
146.172249
87.48201400000001
88.920863
88.70503600000001
89.496403
91.151079
90.07194200000001
90.719424
92.51798599999999
92.374101
91.726619
92.014388
92.805755
93.38129499999999
94.38848900000001
94.38848900000001
93.165468
93.88489199999999
93.88489199999999
93.956835
94.460432
95.035971
94.820144
94.74820099999999
93.52518000000001
94.244604
94.532374
95.39568300000001
94.60431699999999
95.39568300000001
95.39568300000001
95.035971
95.035971
95.899281
96.18705
98.417266
98.633094
99.856115
97.84172700000001
96.330935
95.827338
96.18705
96.402878
97.410072
98.057554
98.776978
99.06474799999999
97.84172700000001
97.48201400000001
97.05036
96.258993
96.402878
96.043165
97.985612
97.48201400000001
97.985612
97.553957
97.84172700000001
98.561151
168.181818
166.507177
163.277512
161.842105
162.799043
163.157895
162.799043
162.559809
160.406699
159.210526
158.732057
159.569378
159.330144
159.330144
159.449761
159.449761
