-22.666667
-22.666667
-23.733333
-23.733333
-24.266667
-24.0
-22.4
-24.0
-23.2
-22.133333
-20.8
-21.066667
-20.8
-20.0
-19.466667
-21.333333
-22.666667
-21.866667
-20.533333
-20.533333
-18.933333
-17.866667
-20.8
-19.466667
-19.466667
-20.0
-20.8
-19.466667
-18.933333
-19.2
-18.933333
-19.2
-18.4
-18.666667
-17.866667
-17.866667
-17.866667
-16.533333
-15.733333
-16.0
-16.533333
-16.266667
-16.533333
-16.533333
-18.133333
-18.133333
-17.866667
-17.866667
-16.533333
-18.933333
-19.466667
-18.933333
-18.4
-19.2
-20.266667
-20.533333
-21.066667
-20.533333
-20.533333
-20.533333
-20.533333
-20.8
-19.733333
-19.2
-19.733333
-21.066667
-21.066667
-19.466667
-20.8
-21.066667
-22.133333
-22.133333
-22.666667
-22.933333
-23.2
-25.866667
-25.6
-119.466667
-119.2
-119.2
-117.066667
-116.266667
-115.733333
-115.733333
-115.2
-114.4
-113.866667
-114.666667
-115.2
-116.533333
-116.0
-117.866667
-116.8
-114.666667
-114.133333
-114.666667
-114.4
-114.933333
-114.933333
-116.266667
-116.266667
-116.8
-120.0
-118.933333
-118.4
-120.0
-120.0
-120.533333
-120.266667
-120.533333
-117.333333
-118.666667
-118.666667
-117.6
-118.666667
-117.066667
-117.6
-118.133333
-116.533333
-117.6
-118.4
-120.0
-121.066667
-120.266667
-123.2
-122.666667
-121.866667
-122.666667
-122.133333
-126.666667
-131.2
-131.733333
-134.133333
-133.6
-134.666667
-133.866667
-137.866667
-138.133333
-140.8
-142.933333
-142.933333
-143.2
-144.8
-145.6
-142.933333
-143.2
-142.133333
-138.933333
-138.666667
-134.133333
-136.0
-135.466667
-132.533333
-133.333333
-130.133333
-126.133333
-126.133333
-126.933333
-126.933333
-126.933333
-124.0
-125.6
-130.133333
-126.933333
-122.666667
-116.266667
-111.466667
-116.8
-116.0
-112.0
-112.266667
-114.4
-117.333333
-118.933333
-118.4
-119.2
-112.8
-113.333333
-113.333333
-113.333333
-120.533333
-124.0
-122.933333
-123.2
-127.466667
-130.933333
-135.2
-137.066667
-138.133333
-142.133333
-138.4
-137.6
-135.733333
-136.8
-140.266667
-140.0
-138.666667
-141.866667
-141.066667
-139.466667
-138.933333
-139.733333
-141.333333
-144.0
-144.533333
-144.533333
-141.066667
-140.8
-145.6
-153.066667
-152.0
-158.133333
-158.133333
-160.533333
-158.666667
-158.133333
-159.733333
-159.466667
-157.866667
-162.933333
-164.266667
-162.4
-164.533333
-163.733333
-165.6
-166.4
-165.333333
-162.666667
-160.0
-155.733333
-156.8
-157.866667
-159.466667
-166.666667
-173.066667
-176.8
-177.066667
-174.933333
-175.466667
-174.933333
-173.6
-175.2
-175.2
-183.466667
-182.4
-182.933333
-181.333333
-181.866667
-181.866667
-180.8
-185.866667
-189.6
-186.4
-189.333333
-189.333333
-192.8
-193.866667
-194.666667
-199.2
-200.533333
-194.4
-194.666667
-188.0
-187.466667
-188.266667
-185.866667
-185.866667
-181.066667
-184.0
-180.8
-182.4
-182.4
-182.4
-185.6
-187.2
-187.733333
-188.266667
-189.6
-185.866667
-186.933333
-188.266667
-183.466667
-180.533333
-179.2
-176.266667
-176.266667
-172.266667
-174.133333
-176.8
-177.6
-177.6
-173.6
-173.333333
-175.466667
-173.333333
-173.333333
-173.6
-175.466667
-176.266667
-180.0
-181.6
-184.266667
-183.466667
-184.266667
-179.2
-177.6
-177.6
-179.2
-181.333333
-178.933333
-179.466667
-179.466667
-178.933333
-179.733333
-180.0
-182.666667
-183.2
-180.266667
-180.8
-178.133333
-174.4
-170.933333
-169.066667
-166.4
-166.666667
-165.6
-165.866667
-162.666667
-161.6
-161.6
-160.533333
-159.733333
-158.933333
-154.133333
6.079295
5.198238
3.964758
4.140969
4.052863
3.524229
3.788546
5.198238
4.140969
2.907489
3.964758
4.493392
5.286344
6.431718
6.167401
4.933921
4.669604
7.048458
5.462555
4.581498
3.700441
4.581498
5.903084
4.493392
5.110132
5.022026
3.788546
1.23348
0.264317
-206.933333
-206.133333
-204.266667
-202.933333
-204.533333
-203.2
-203.2
-202.133333
-197.066667
-192.8
-196.0
-199.2
-202.933333
-205.6
-205.333333
-206.933333
-203.466667
-204.8
-205.866667
-198.933333
-201.333333
-200.533333
-204.266667
-198.666667
-201.333333
-198.133333
-198.666667
-201.6
-197.333333
-198.133333
-201.6
-205.333333
-203.733333
-203.466667
-203.2
-199.2
-206.133333
-209.866667
-208.266667
-211.466667
-206.666667
-199.733333
-202.666667
-199.466667
-198.4
-190.933333
-192.8
-188.533333
-191.2
-192.266667
-189.866667
-186.933333
-190.133333
-182.933333
-182.4
-182.666667
-182.4
-179.2
-178.933333
-178.133333
-176.8
-179.466667
-180.0
-180.0
-177.866667
-177.866667
-177.866667
-176.8
-174.666667
-171.466667
-174.933333
-174.133333
-174.666667
-174.666667
-173.066667
-173.6
-174.133333
-174.933333
-175.733333
-170.666667
-172.266667
-174.133333
-172.533333
-174.933333
-173.6
-176.533333
-178.933333
-178.133333
-177.6
-178.666667
-179.466667
-179.2
-181.866667
-182.133333
-181.333333
-179.466667
-180.533333
-179.2
-183.466667
-184.0
-183.466667
-181.6
-182.4
-183.466667
-183.466667
-184.266667
-180.8
-180.0
-181.333333
-180.266667
-181.066667
-185.6
-187.466667
-185.866667
-186.4
-186.933333
-185.066667
-185.066667
-180.8
-182.133333
-185.066667
-187.466667
-186.133333
-185.333333
-185.6
-187.2
-185.866667
-184.8
-186.133333
-185.866667
-185.6
-188.533333
-187.733333
-188.0
-186.133333
-184.0
-184.0
-182.4
-180.266667
-178.933333
-181.066667
-179.466667
-180.533333
-183.2
-181.066667
-182.4
-184.0
-185.066667
-187.466667
-187.2
-185.066667
-185.866667
-182.933333
-186.933333
-187.2
-186.933333
-184.8
-185.6
-187.2
-189.866667
-190.133333
-190.4
-183.466667
-185.6
-185.866667
-193.333333
-194.933333
-197.333333
-197.6
-195.466667
-193.066667
-192.266667
-190.933333
-191.733333
-190.666667
-190.133333
-187.2
-185.333333
-185.6
-184.8
-184.533333
-184.533333
-184.0
-184.533333
-184.533333
-186.933333
-185.066667
-182.933333
-185.333333
-186.933333
-186.133333
-186.933333
-187.2
-186.933333
-185.066667
-184.266667
-185.333333
-185.333333
-185.333333
-184.8
-184.266667
-185.333333
-185.333333
-182.666667
-181.6
-182.133333
-177.6
-177.6
-177.6
-177.6
-179.466667
-180.0
-180.0
-180.533333
-177.866667
-179.2
-182.133333
-181.6
-180.8
-175.2
-177.6
-177.6
-176.8
-176.8
-179.2
-179.466667
-180.0
-178.933333
-180.266667
-181.6
-184.533333
-184.266667
-184.533333
-182.133333
-181.6
-181.6
-180.266667
-178.133333
-179.466667
-180.0
-179.733333
-179.466667
-180.0
-180.0
-179.733333
-180.533333
-179.733333
-179.466667
-180.0
-180.533333
-180.533333
-180.533333
-179.466667
-182.4
-184.8
-184.533333
-185.6
-187.2
-186.933333
-188.533333
-189.066667
-189.866667
-190.666667
-189.866667
-191.733333
-191.2
-191.733333
-194.4
-193.6
-194.666667
-194.4
-193.866667
-192.266667
-192.8
-192.8
-190.133333
-191.466667
-192.8
-192.8
-192.266667
-196.8
-197.866667
-198.666667
-197.6
-198.666667
-197.333333
-197.6
-197.6
-198.4
