15.844156
16.103896
14.025974
15.584416
15.064935
16.363636
16.883117
15.584416
15.324675
16.103896
17.662338
16.623377
16.363636
16.103896
16.363636
15.584416
14.805195
14.545455
15.324675
16.363636
16.363636
16.623377
15.844156
15.844156
15.844156
15.584416
15.064935
16.103896
16.623377
16.883117
16.883117
16.623377
16.103896
16.623377
16.363636
16.363636
16.623377
17.922078
18.701299
16.623377
16.103896
16.103896
16.103896
16.363636
15.324675
17.402597
16.883117
18.701299
18.701299
18.441558
18.701299
18.961039
20.519481
20.25974
19.220779
17.662338
16.363636
17.142857
16.883117
18.441558
18.441558
18.961039
18.441558
18.441558
16.363636
15.324675
15.324675
16.883117
14.805195
14.805195
13.766234
14.025974
13.766234
13.766234
13.246753
11.948052
11.428571
-53.506494
-54.545455
-52.987013
-52.987013
-52.467532
-50.12987
-49.87013
-49.090909
-48.571429
-48.051948
-48.571429
-46.233766
-45.974026
-46.233766
-47.012987
-45.714286
-43.896104
-43.116883
-44.155844
-44.155844
-44.675325
-46.493506
-48.571429
-48.311688
-50.38961
-50.909091
-51.168831
-51.948052
-54.545455
-52.987013
-52.727273
-52.467532
-52.467532
-51.428571
-50.909091
-50.909091
-46.493506
-47.012987
-44.935065
-45.714286
-44.415584
-43.116883
-44.415584
-43.376623
-47.272727
-46.493506
-48.831169
-52.467532
-52.207792
-52.207792
-52.727273
-50.909091
-53.246753
-55.064935
-55.324675
-54.545455
-55.324675
-56.883117
-56.623377
-56.883117
-55.844156
-54.545455
-60.779221
-61.038961
-60.779221
-59.74026
-61.298701
-56.363636
-59.480519
-58.441558
-55.584416
-56.103896
-54.805195
-55.324675
-57.922078
-55.064935
-56.103896
-56.623377
-56.103896
-56.883117
-58.441558
-58.181818
-59.480519
-57.662338
-57.922078
-58.961039
-59.74026
-47.792208
-44.155844
-38.961039
-42.337662
-40.0
-34.805195
-35.844156
-35.844156
-39.220779
-40.0
-39.480519
-43.896104
-40.519481
-41.038961
-44.675325
-44.415584
-45.714286
-47.792208
-53.246753
-53.766234
-58.701299
-62.077922
-69.090909
-77.922078
-77.402597
-78.18181800000001
-75.844156
-75.06493500000001
-72.987013
-73.766234
-75.06493500000001
-73.766234
-73.766234
-78.441558
-80.77922100000001
-83.636364
-85.194805
-88.831169
-88.311688
-88.311688
-88.311688
-85.194805
-83.376623
-80.0
-84.155844
-88.051948
-86.753247
-87.272727
-89.61039
-89.090909
-87.53246799999999
-90.38961
-92.727273
-92.207792
-94.02597400000001
-93.766234
-93.246753
-91.948052
-94.545455
-96.10389600000001
-98.441558
-96.623377
-95.584416
-93.766234
-91.42857100000001
-87.53246799999999
-92.207792
-92.987013
-93.246753
-94.285714
-99.74026000000001
-101.558442
-104.415584
-102.077922
-105.194805
-105.194805
-104.675325
-107.532468
-103.896104
-114.805195
-111.428571
-111.948052
-109.87013
-110.909091
-108.571429
-111.428571
-115.844156
-116.623377
-114.805195
-118.181818
-119.480519
-119.480519
-118.701299
-118.961039
-120.779221
-120.25974
-127.532468
-126.493506
-118.701299
-118.961039
-119.480519
-123.376623
-127.012987
-121.298701
-122.857143
-122.857143
-124.155844
-124.675325
-124.935065
-127.272727
-125.974026
-130.38961
-127.792208
-123.636364
-122.077922
-123.116883
-120.25974
-120.0
-120.0
-119.220779
-118.961039
-115.324675
-116.883117
-118.961039
-116.883117
-118.701299
-121.038961
-120.25974
-121.038961
-119.480519
-119.220779
-121.298701
-119.74026
-121.298701
-122.597403
-127.012987
-129.090909
-133.766234
-131.428571
-131.688312
-131.168831
-131.168831
-129.090909
-124.935065
-122.597403
-124.675325
-127.532468
-125.714286
-129.350649
-128.311688
-128.311688
-126.233766
-129.87013
-130.649351
-129.350649
-127.792208
-127.532468
-124.675325
-119.480519
-119.480519
-121.038961
-117.662338
-118.961039
-118.701299
-118.181818
-115.844156
-115.844156
-117.142857
-116.623377
-118.961039
-115.324675
-115.064935
-113.766234
-119.74026
-119.480519
-119.74026
-120.0
-119.220779
-115.064935
-113.506494
-117.662338
-122.597403
-117.662338
-114.285714
-113.506494
-109.090909
-109.350649
-109.87013
-107.272727
-103.376623
-101.038961
-105.714286
-108.831169
-103.116883
-102.597403
-103.376623
-98.70129900000001
-93.246753
-97.402597
-105.454545
-109.87013
-113.506494
-112.987013
-111.428571
-113.506494
-112.987013
-112.727273
-111.688312
-110.909091
-110.38961
-105.454545
-107.272727
-111.948052
-116.363636
-116.623377
-118.701299
-120.0
-116.623377
-116.103896
-116.363636
-115.064935
-115.064935
-113.506494
-115.324675
-110.909091
-110.909091
-111.688312
-114.805195
-117.402597
-110.649351
-107.272727
-111.428571
-113.766234
-115.064935
-115.324675
-117.142857
-112.987013
-117.662338
-121.038961
-120.779221
-121.038961
-129.090909
-122.597403
-129.87013
-125.974026
-122.077922
-120.0
-122.077922
-122.857143
-125.974026
-126.233766
-126.753247
-128.831169
-127.532468
-116.623377
-118.441558
-121.818182
-122.337662
-119.480519
-118.701299
-116.103896
-112.467532
-114.805195
-115.844156
-116.103896
-117.922078
-117.922078
-118.181818
-117.662338
-115.844156
-114.285714
-115.844156
-115.064935
-116.103896
-118.181818
-115.844156
-114.805195
-117.922078
-119.74026
-119.480519
-116.363636
-117.662338
-117.142857
-115.844156
-116.103896
-114.025974
-117.402597
-118.701299
-118.181818
-118.441558
-119.74026
-124.935065
-124.935065
-125.714286
-126.753247
-125.454545
-124.415584
-124.415584
-124.935065
-126.233766
-126.753247
-127.012987
-126.233766
-126.753247
-126.493506
-128.831169
-131.688312
-132.467532
-132.207792
-134.285714
-131.688312
-132.987013
-132.987013
-132.727273
-131.948052
-134.545455
-135.584416
-134.025974
-134.285714
-133.766234
-134.025974
-132.467532
-133.766234
-132.207792
-132.207792
-135.324675
-135.064935
-135.844156
-132.467532
-133.766234
-133.246753
-134.285714
-137.142857
-141.298701
-141.558442
-140.0
-139.220779
-139.220779
-138.961039
-139.74026
-138.961039
-138.961039
-136.883117
-138.181818
-137.922078
-135.324675
-136.623377
-138.181818
-138.181818
-139.220779
-140.0
-138.701299
-138.961039
-136.883117
-140.519481
-141.558442
-140.519481
-138.181818
-138.441558
-138.181818
-137.922078
-137.402597
-138.181818
-136.363636
-136.623377
-137.402597
-139.74026
-138.701299
-140.519481
-140.25974
-140.519481
-140.779221
-139.480519
-145.454545
-144.415584
-144.155844
-143.636364
-142.597403
-140.25974
-139.480519
-137.402597
-137.662338
-136.363636
-135.844156
-137.662338
-137.662338
-138.181818
-138.181818
-138.181818
-138.701299
-140.0
-139.480519
-140.25974
-140.25974
-140.779221
-140.25974
-139.74026
-140.25974
-140.25974
-139.74026
-140.519481
-140.25974
-141.298701
-141.038961
-140.519481
-138.181818
-138.181818
-136.883117
-137.922078
-138.441558
-137.142857
-137.662338
-137.142857
-136.883117
-136.103896
-135.844156
-136.623377
-138.701299
-138.961039
-138.441558
-136.363636
-135.064935
-135.064935
-135.064935
-136.883117
-138.701299
-138.441558
-138.701299
-138.441558
-138.961039
-138.961039
-140.0
-139.74026
-141.298701
-143.376623
-144.675325
-145.454545
-143.896104
-143.376623
-143.376623
-144.415584
-144.935065
-143.636364
-144.935065
-144.935065
-144.935065
-145.454545
-145.454545
-145.454545
-145.454545
-145.194805
-146.753247
-147.012987
-147.272727
-149.61039
-150.909091
-151.168831
-151.948052
-152.987013
-151.948052
-153.766234
-151.948052
-153.766234
-153.766234
-155.584416
-157.922078
-154.285714
-155.844156
-157.662338
-157.922078
-157.922078
-156.363636
-157.402597
-156.103896
-155.844156
-154.025974
-153.766234
-153.766234
-155.584416
-155.844156
-155.324675
-154.285714
-158.181818
-158.181818
-157.402597
-158.181818
-158.181818
-157.922078
-157.922078
-158.181818
