77.204712
77.26838600000001
75.899395
76.472461
77.14103799999999
76.536135
77.49124500000001
77.204712
77.395734
76.026743
75.42184
74.49856699999999
74.816937
74.530404
75.230818
76.37694999999999
75.711557
75.29449200000001
76.15409099999999
77.01369
77.93696300000001
78.446355
77.873289
77.777778
78.28717
79.528812
79.65616
79.910856
80.197389
80.26106299999999
79.528812
81.088825
82.075772
81.43584799999999
81.056988
80.452085
79.178606
80.420248
79.59248599999999
77.9688
77.49124500000001
77.01369
76.91817899999999
77.682267
76.790831
76.69532
77.172875
76.790831
76.82266799999999
77.90194200000001
77.04552700000001
77.905126
77.65043
76.612544
75.676536
74.084686
75.83572100000001
76.981853
75.358166
74.912448
74.657752
73.95733799999999
74.816937
73.479784
73.16141399999999
73.16141399999999
74.021012
75.230818
74.72142599999999
73.989175
74.62591500000001
74.657752
73.989175
73.129577
72.683859
73.193251
73.670805
73.575294
74.05284899999999
74.40305600000001
75.42184
75.326329
75.83572100000001
75.581025
75.676536
76.981853
76.122254
76.536135
76.567972
76.663483
76.758994
76.090417
75.93123199999999
76.631646
76.790831
77.459408
77.745941
79.210443
79.783508
79.274117
79.751671
79.36962800000001
79.560649
80.133715
79.433301
78.637377
78.828399
78.70105100000001
78.319007
78.764725
79.210443
78.764725
78.60554
78.38268100000001
77.9688
78.000637
77.905126
78.350844
78.669214
78.223496
79.71983400000001
74.498963
75.950242
77.470629
78.507256
76.848652
75.397374
76.50311000000001
76.088459
73.876987
73.324119
70.697996
71.87284
67.311679
68.140981
71.112647
72.14927400000001
67.242571
69.10850000000001
70.62888700000001
71.31997200000001
74.706289
69.79958499999999
70.42156199999999
71.25086400000001
72.3566
73.73877
70.905321
72.218383
74.706289
74.98272299999999
74.568072
75.190048
77.539737
75.81202500000001
72.494817
73.53144399999999
74.498963
75.190048
72.563925
72.84035900000001
73.047685
72.14927400000001
73.876987
73.73877
76.848652
78.78369000000001
79.54388400000001
78.438148
78.852799
84.31237
87.906012
88.52798900000001
87.940567
85.55632300000001
82.819627
78.52798900000001
65.929509
74.568072
73.946095
76.641327
76.295784
79.336558
82.425708
82.377332
89.702833
90.877678
93.71112599999999
91.22322
91.361437
90.946786
86.731168
83.96682800000001
82.861092
83.704216
83.759502
81.962681
85.003455
85.210781
86.592951
86.385625
90.81547999999999
87.270214
88.369039
85.473393
86.592951
92.743607
91.70698
77.677954
80.718728
77.33241200000001
80.856945
81.06427100000001
80.096752
78.71458200000001
77.539737
81.13337900000001
82.44644099999999
78.438148
79.682101
80.580511
71.87284
70.767104
68.97028299999999
68.693849
71.94194899999999
74.22252899999999
76.088459
76.779544
82.170007
81.06427100000001
84.65791299999999
88.873531
90.877678
92.60539
90.80856900000001
93.780235
94.056669
96.406358
99.72356600000001
102.073255
101.86593
104.215619
110.642709
111.472011
108.569454
119.205423
117.699115
107.908115
109.226134
114.874788
105.083788
105.460365
114.309923
115.627942
112.803615
114.498211
107.531538
102.636038
94.16305800000001
93.97476899999999
110.544154
112.427038
110.167577
126.925249
139.352288
140.482018
143.118057
150.649595
156.863114
156.863114
152.909057
151.026172
148.013557
141.800038
145.772924
145.754095
152.53248
159.499153
163.829787
170.043306
174.373941
175.127095
173.055922
173.809076
164.959518
177.574845
167.783845
174.486914
172.867633
168.34871
161.946903
172.679345
172.867633
173.809076
176.445114
177.574845
173.809076
174.185652
173.997364
181.340614
178.911693
190.943325
198.098287
195.085671
164.865374
161.758614
169.855018
165.147806
173.24421
170.231595
169.855018
165.712672
167.407268
165.712672
166.842403
173.620787
171.926191
168.725287
169.666729
162.135191
162.135191
163.264922
164.582941
172.114479
163.641499
162.511768
160.817172
161.00546
165.90096
157.804557
154.415364
147.580493
142.364903
146.695538
140.670307
132.95048
141.611749
157.616268
151.779326
155.545095
154.98023
144.247788
141.046884
137.469403
132.573903
133.138769
137.469403
138.975711
131.444172
129.937865
132.573903
135.39823
131.444172
121.653173
113.368481
102.259461
99.24684600000001
107.531538
100.941442
104.518923
95.292789
92.468462
87.00809599999999
93.598192
76.652231
37.029013
38.912962
48.332705
60.766767
57.846647
61.708742
63.59269
62.556518
59.636398
56.339488
51.818011
47.296534
49.463075
-51.704974
-27.967219
-24.576112
-9.881311
3.965712
3.965712
9.240769
4.625094
19.432931
22.145818
24.783346
21.156745
20.450264
19.037302
8.958176
12.160889
9.429164
-4.700452
-8.374152
9.636398
13.573851
8.336473
7.064808
16.588169
13.385456
21.392238
27.609269
30.906179
34.956669
47.390731
44.941598
39.854936
44.282216
43.246044
47.296534
47.296534
47.579126
50.122457
42.219292
48.992087
56.527882
67.54898300000001
69.809721
63.215901
68.773549
64.534665
58.129239
59.5422
56.527882
57.093067
54.549736
54.926526
51.629616
52.854182
53.513564
63.686888
59.071213
46.637151
39.101356
45.695177
43.340241
42.115674
34.108892
39.195554
33.355313
35.521854
43.999623
35.239261
41.267898
38.347777
27.891861
29.870008
28.080256
24.971741
26.196307
26.384702
20.073474
12.914469
46.921581
44.78289
45.301361
48.865846
44.523655
47.310434
47.051199
47.180817
45.560596
43.745949
39.209332
36.61698
37.005833
41.023979
40.95917
40.246273
37.329877
37.589112
36.876215
35.320804
37.459494
43.033052
42.449773
43.940376
46.532728
42.6442
46.403111
47.569669
46.143876
46.727155
44.458846
42.579391
43.940376
41.348023
41.088788
38.366818
40.570318
41.801685
38.950097
33.765392
30.913804
36.292936
35.385612
33.830201
33.441348
31.561892
30.460143
30.200907
25.534673
24.108879
23.590408
26.701231
23.395982
25.534673
26.830849
29.876863
26.636423
23.914452
22.359041
24.562541
24.756967
24.497732
23.071938
28.904731
28.580687
28.580687
31.043422
31.756319
32.79326
30.719378
31.950745
33.635774
36.422553
37.005833
36.487362
35.061568
33.89501
30.330525
28.062216
26.895658
27.34932
27.86779
31.108231
28.96954
28.321452
28.451069
28.96954
29.293584
29.552819
30.006481
27.608555
29.48801
30.265716
30.200907
37.148412
35.255995
37.265068
39.987038
36.422553
37.977965
40.181465
40.570318
42.449773
39.027868
40.570318
41.348023
40.764744
37.977965
38.885288
40.375891
43.551523
40.829553
41.931303
37.913156
39.33895
39.533377
42.773817
40.4407
38.755671
38.690862
37.13545
34.283863
32.598833
33.830201
36.552171
39.403759
38.172391
37.459494
34.931951
34.543098
34.737524
36.357745
37.329877
37.848347
37.913156
36.163318
35.839274
36.357745
36.876215
38.626053
41.736876
37.200259
36.876215
38.82048
37.848347
34.737524
29.617628
28.515878
28.191834
26.636423
26.571614
17.239145
19.377835
21.127673
22.294232
16.9151
19.442644
16.655865
22.229423
22.812703
23.007129
22.229423
21.127673
22.164614
22.099806
20.285159
19.053791
22.294232
21.386909
20.479585
16.072586
18.470512
20.025924
17.627997
17.174336
18.729747
19.701879
21.192482
17.822424
17.952041
18.01685
21.127673
21.257291
21.062865
20.544394
21.3221
20.22035
20.73882
19.442644
20.090732
21.775762
20.803629
20.933247
22.488658
23.590408
26.830849
28.515878
29.48801
29.293584
29.747246
29.812054
30.136099
27.478937
28.96954
30.006481
31.626701
30.913804
29.617628
27.543746
24.951393
26.182761
26.182761
25.081011
23.784835
24.756967
26.960467
25.923526
26.76604
28.451069
27.478937
28.580687
26.053143
25.210629
24.173688
23.460791
23.720026
23.525599
25.210629
27.608555
28.062216
27.025275
27.932599
26.571614
27.414128
29.876863
31.237848
30.524951
30.978613
32.79326
33.376539
64.418087
63.750927
62.638992
63.306153
66.938473
66.790215
67.16086
67.67976299999999
65.455893
65.381764
63.973314
64.121572
63.454411
62.564863
62.564863
61.30467
60.192735
56.18977
54.855448
52.120089
55.893254
55.670867
57.820608
58.710156
60.785767
59.451446
61.971831
62.935508
65.530022
60.489251
55.893254
60.0
62.194218
61.452928
62.268347
61.601186
62.78725
63.676798
65.604151
65.381764
64.788732
66.197183
67.012602
65.974796
64.26983
62.935508
60.948851
61.527057
67.086731
68.124537
66.716086
67.90215000000001
66.641957
67.234989
68.495182
69.607116
68.198666
72.05337299999999
71.53447
70.56338
80.193662
83.010563
86.79577500000001
88.02816900000001
84.788732
86.79577500000001
92.077465
93.75
89.61267599999999
89.401408
89.788732
91.285211
89.260563
85.827465
86.35563399999999
89.43662
87.852113
88.99647899999999
95.422535
98.85563399999999
99.47183099999999
99.47183099999999
101.144366
102.288732
103.257042
105.809859
106.161972
107.746479
106.161972
108.978873
109.683099
110.299296
112.772887
111.065141
111.267606
107.808099
102.728873
102.112676
102.024648
101.93662
103.441901
103.019366
107.130282
104.489437
104.225352
100.088028
101.144366
102.112676
101.496479
100.96831
96.390845
95.510563
93.75
94.366197
94.89436600000001
95.510563
99.29577500000001
101.760563
104.049296
105.457746
107.779507
106.89042
105.112247
109.557679
94.665481
95.332296
77.10602400000001
58.879751
42.653923
35.096688
29.762169
39.54212
50.211158
32.207157
42.20938
47.76617
48.210713
46.877084
57.990665
60.213381
51.544788
55.790176
57.123805
66.837075
65.88130700000001
63.325183
63.102912
64.99222
60.991331
50.877973
47.321627
43.987553
29.762169
45.987997
55.767948
58.212936
82.062681
91.998222
96.665926
86.597022
85.996888
85.996888
96.665926
93.331852
92.44276499999999
95.776839
100.889086
102.000445
101.778173
104.000889
102.000445
113.78084
115.781285
113.114025
110.669038
107.557235
107.112692
100.889086
100.0
91.998222
65.091736
56.973535
54.700438
64.60464399999999
63.305731
61.844455
61.844455
57.947719
56.973535
62.981003
59.896087
58.597175
67.527196
62.493911
59.733723
58.759539
68.826108
70.77447600000001
75.807761
78.24322100000001
64.929372
60.220815
59.246631
62.006819
64.279916
60.058451
56.324079
53.239162
55.609677
48.69297
43.789576
44.796233
43.172593
32.618932
32.13184
36.515668
32.456568
31.969476
35.541484
26.286735
15.083617
13.784705
13.833415
-2.614061
11.511609
6.31596
11.998701
20.44163
25.799643
26.936191
21.091086
26.773827
16.869622
0.470856
-6.835525
-6.997889
-9.108622
-13.995779
-23.169346
-28.42994
-24.857931
-16.090274
-18.168534
-4.400065
-0.828057
5.017048
5.877578
0.63322
4.270174
3.8805
7.452509
10.42377
12.161065
2.045787
6.478324
3.393408
0.064946
-3.101153
4.69232
3.718136
11.836337
10.862153
14.109433
23.688911
22.06527
21.25345
20.766358
17.843806
22.227634
19.954538
20.116902
35.866212
38.139308
32.294204
36.840396
35.216756
37.489852
34.892028
34.892028
30.183471
33.268388
33.917844
30.995291
27.260919
25.799643
21.740542
27.910375
19.467446
19.142718
16.220166
14.434161
9.270986000000001
9.725605
12.161065
7.290145
17.843806
19.305082
20.928722
16.38253
15.408346
30.625
34.0
33.0
33.625
29.875
31.0
29.75
23.375
18.5
21.375
10.25
10.75
9.375
1.5
13.75
15.625
14.75
14.25
18.125
13.625
9.125
7.125
10.625
15.75
15.875
15.5
18.0
24.625
25.75
19.0
23.625
23.125
24.125
23.5
22.875
24.5
27.375
22.75
28.375
28.25
32.25
33.125
31.875
35.75
36.125
37.125
38.625
36.75
39.625
43.2
42.125
44.25
44.875
42.375
43.625
43.125
38.0
33.125
26.6125
22.025
22.5
29.0
20.25
16.125
17.875
10.375
9.5
10.0
17.375
22.375
14.25
8.5
13.625
11.75
16.625
15.125
17.375
17.25
19.25
29.0
25.5
26.625
27.5
22.5
19.0
16.25
10.375
11.375
7.25
16.5
15.5
10.5
10.25
8.125
11.0
16.75
18.125
17.875
10.125
10.0
19.125
14.0
10.5
10.25
12.875
19.875
19.5
16.125
15.5
0.875
-10.5
-8.625
4.25
-0.5
-4.5
-7.25
-11.25
-8.5
-5.5
-8.625
-8.25
-12.25
3.375
23.75
39.75
44.25
44.875
39.875
35.5
38.25
40.875
48.75
63.625
65.25
67.5
64.875
65.02500000000001
60.0
60.375
57.875
51.75
47.1375
56.875
53.375
52.25
53.9
65.03749999999999
63.0
51.5
42.875
40.625
90.125
118.125
137.875
160.0
140.875
166.375
191.75
184.75
181.875
169.75
179.125
186.75
194.375
193.375
183.0
195.0
190.625
181.5
171.75
165.875
172.5
163.5
153.875
152.0
164.125
160.625
164.625
152.375
148.375
150.875
159.375
146.0
148.5
140.5
142.875
146.0
166.125
162.875
169.275
176.375
168.75
152.125
146.875
154.375
154.5
163.0
161.25
162.5
164.25
167.375
162.125
148.25
132.0
111.375
113.875
111.5
100.0
95.25
92.75
97.625
102.0
96.75
50.75
57.625
74.125
83.0
86.5
85.875
93.0
95.125
76.625
91.75
92.0
90.625
86.875
97.25
72.625
66.75
65.25
87.5
84.0
66.25
52.875
56.0
66.375
53.125
36.625
27.75
32.5
21.521863
28.052243
26.575809
26.575809
29.471891
25.383305
28.620102
25.667235
29.755821
34.582624
35.150483
35.945486
35.661556
39.182283
39.977286
36.059057
20.102215
23.111868
38.727995
41.65247
42.078365
28.620102
14.593981
-3.134604
-3.50338
-5.593116
-4.917025
4.671174
15.304241
25.507068
19.483712
12.108175
15.119852
20.52858
12.354026
16.779348
6.883835
17.148125
14.658881
13.214505
11.063307
10.387216
10.633067
6.576521
-0.061463
-15.427167
-15.550092
-10.079902
-10.387216
-1.167793
-2.028273
0.307314
-2.950215
-0.061463
-2.028273
-2.827289
-4.855562
-6.453596
-2.581438
0.860479
7.682852
13.306699
11.985249
4.486785
8.29748
10.26429
8.29748
5.039951
8.426551999999999
7.658267
-0.799017
-4.179471
-8.72772
-11.432084
-5.531653
-8.604794
-17.148125
-17.0252
-20.651506
-21.020283
-23.417333
-24.093423
-22.249539
-15.476337
-15.90043
-16.226183
-14.074985
-9.588198999999999
-8.371235
-2.827289
-2.335587
-3.079287
-3.687769
-3.749232
-3.626306
0.307314
2.028273
0.921942
-1.905347
-2.827289
-1.475108
-0.860479
4.978488
3.749232
0.491703
0.983405
-0.43024
3.749232
5.347265
5.593116
6.637984
6.269207
3.441918
5.90043
11.309158
8.973571
8.604794
12.046712
12.2311
14.874001
13.829133
12.722803
8.72772
5.961893
3.257529
0.921942
-2.888752
-6.576521
-3.626306
-2.39705
-3.196066
-0.43024
5.961893
6.883835
7.498463
11.493546
9.096496999999999
10.325753
6.945298
9.772588000000001
9.588198999999999
9.096496999999999
7.068224
8.174554000000001
7.805778
8.543331
5.101414
6.883835
8.850645
11.12477
10.878918
6.576521
5.838967
5.285802
8.174554000000001
11.12477
13.09158
12.2311
12.66134
12.907191
11.001844
12.046712
10.141364
9.532883
12.360172
11.862323
10.018439
10.325753
10.571604
14.259373
17.701291
17.578365
18.746159
21.757837
21.524278
20.651506
21.38906
21.081746
20.405655
18.254456
17.148125
36.10975
37.040666
37.579618
33.659971
37.040666
39.294463
38.461538
37.677609
37.236649
37.7756
36.795688
35.472807
34.835865
35.374816
37.383635
36.452719
35.472807
35.913768
37.089662
37.677609
37.971583
38.657521
36.844684
38.853503
35.619794
37.530622
34.247918
32.190103
35.962763
36.256737
34.933856
34.051935
35.717785
36.648702
37.481627
38.265556
37.481627
36.10975
37.187653
35.325821
35.864772
37.873591
39.343459
39.245468
39.980402
38.461538
36.746693
38.461538
38.363547
36.697697
35.766781
36.55071
38.55953
39.196472
38.020578
39.784419
39.735424
42.430181
40.862322
40.764331
39.147477
39.44145
39.980402
40.029397
39.637433
39.784419
38.020578
36.060755
37.971583
38.902499
39.039686
38.510534
39.539441
40.029397
39.490446
38.020578
36.452719
37.481627
39.588437
38.510534
38.951494
39.245468
38.167565
39.196472
39.392455
41.352278
40.470358
41.744243
43.263106
41.009309
44.341009
43.018128
44.683978
46.300833
50.66144
52.101911
50.710436
51.053405
48.897599
48.456639
47.133758
48.603626
47.819696
48.211661
47.378736
48.603626
47.770701
45.075943
47.133758
46.839784
46.986771
45.810877
46.202842
46.202842
46.692798
45.418912
44.928956
45.66389
44.096031
41.695247
75.233249
76.67514799999999
75.402884
75.318066
73.960984
72.773537
71.670908
67.175573
67.854114
68.956743
72.43426599999999
72.010178
72.43426599999999
72.68871900000001
72.51908400000001
69.720102
66.15776099999999
66.751484
65.564037
65.81849
67.345208
71.501272
75.402884
59.270998
60.22187
72.583201
80.33280499999999
65.45166399999999
61.33122
70.206022
68.46275799999999
83.359746
67.511886
65.768621
77.812995
75.435816
78.92234500000001
86.212361
89.381933
91.759113
93.819334
104.437401
101.267829
100.792393
91.600634
125.03962
114.73851
105.388273
115.372425
114.263074
110.301109
107.131537
106.022187
80.190174
97.305864
80.507132
80.031696
68.46275799999999
67.98732200000001
53.40729
60.855784
54.51664
57.496038
64.183835
63.866878
78.288431
70.047544
66.085578
68.621236
67.03645
68.621236
59.429477
65.29318499999999
60.380349
65.61014299999999
73.217116
77.496038
76.069731
76.86212399999999
73.85102999999999
66.402536
62.440571
66.244057
60.697306
48.335975
47.543582
49.286846
39.77813
26.14897
34.706815
35.340729
36.608558
39.144216
39.461173
43.264659
44.37401
44.532488
44.849445
49.920761
55.942948
60.538827
51.505547
38.351823
51.664025
46.434231
31.8542
27.25832
32.012678
39.77813
46.909667
51.822504
47.543582
52.773376
48.969889
45.958796
59.587956
58.795563
47.068146
33.597464
13.946117
-6.973059
9.984152
19.651347
32.012678
35.974643
32.805071
41.362916
18.858954
30.110935
24.564184
46.275753
51.030111
59.746434
62.440571
57.527734
52.139461
56.893819
59.746434
37.400951
36.196513
59.746434
51.822504
47.068146
46.59271
35.72327
24.90566
18.238994
10.943396
14.08805
17.987421
28.301887
31.194969
26.918239
9.18239
16.226415
13.207547
12.578616
11.698113
17.484277
18.742138
17.232704
10.566038
6.415094
7.54717
2.264151
6.163522
10.062893
10.691824
12.955975
20.754717
19.748428
9.433961999999999
9.18239
-4.654088
-0.880503
-4.402516
-13.207547
-20.125786
-8.805031
5.660377
6.792453
3.773585
16.981132
22.389937
23.144654
26.238994
28.050314
26.289308
20.503145
17.610063
13.710692
14.213836
6.540881
3.647799
-2.515723
6.918239
10.440252
5.786164
3.899371
-1.63522
1.886792
-1.383648
3.018868
-3.018868
-12.45283
-7.421384
-13.836478
-20.377358
-30.81761
-32.327044
-22.893082
-21.132075
-22.138365
-31.446541
-33.081761
-29.056604
-33.962264
-33.459119
-35.597484
-35.597484
-28.301887
-26.415094
-29.559748
-26.666667
-23.144654
-23.522013
-24.779874
-24.779874
-25.283019
-20.754717
-25.031447
-23.647799
-29.685535
-30.691824
-29.559748
-36.352201
-43.018868
-39.874214
-44.27673
-50.566038
-51.823899
-49.308176
-42.012579
-46.666667
-51.698113
-44.025157
-48.176101
-43.144654
-41.886792
-44.150943
-43.522013
-42.264151
-48.427673
-53.836478
-56.603774
-63.899371
-68.67924499999999
-73.333333
-85.53459100000001
-94.213836
-99.245283
-99.15723300000001
-105.157233
-129.811321
-120.377358
-112.578616
-114.08805
-111.320755
-114.339623
-131.320755
-146.792453
-140.503145
-156.981132
-161.132075
-167.54717
-162.012579
-156.855346
-164.90566
-150.188679
-139.874214
-150.037736
-157.232704
-156.603774
-150.691824
-160.880503
-162.138365
-163.987421
-159.371069
-170.188679
-178.490566
-161.509434
-168.050314
-175.220126
-180.628931
-184.27673
-194.465409
-178.36478
-185.534591
-185.283019
-184.779874
-188.176101
-195.597484
-195.220126
-191.949686
-178.553459
-179.874214
-184.654088
-185.031447
-185.157233
-192.45283
-181.761006
-189.433962
-191.823899
-205.031447
-201.006289
-180.503145
-178.742138
-176.981132
-186.666667
-188.176101
-188.301887
-190.36478
-185.031447
-191.194969
-178.955975
-164.402516
-161.383648
-163.647799
-165.534591
-171.761006
-173.962264
-168.050314
-170.440252
-189.056604
-190.943396
-173.710692
-186.289308
-187.672956
-190.062893
-178.238994
-169.18239
-167.924528
-155.849057
-162.264151
-165.91195
-168.553459
-180.503145
-176.72956
-172.201258
-163.27044
-167.54717
-161.509434
-159.622642
-157.106918
-166.540881
-165.91195
-175.72327
-159.622642
-167.798742
-166.289308
-172.075472
-166.037736
-160.880503
-163.773585
-163.144654
-159.119497
-161.509434
-159.496855
-163.773585
-166.666667
-167.421384
-167.924528
-173.333333
-165.408805
-167.672956
-167.169811
-167.044025
-173.207547
-166.289308
-167.672956
-167.798742
-166.918239
-171.056604
-170.691824
-170.779874
-174.213836
-173.169811
9.640523
8.864379
7.720588
9.027778
7.843137
7.883987
6.821895
7.312092
8.374183
8.415032999999999
8.374183
6.29085
5.228758
3.839869
4.166667
4.697712
6.127451
4.94281
2.45098
1.102941
1.593137
2.49183
1.633987
-207.044025
-203.773585
-205.408805
-206.415094
-205.534591
-204.779874
-203.144654
-203.773585
-205.534591
-207.421384
-204.27673
-204.150943
-217.232704
-224.90566
-226.289308
-222.767296
-218.867925
-221.132075
-218.113208
-212.201258
-207.044025
-203.899371
-197.735849
-197.987421
-203.396226
-197.987421
-194.716981
-198.113208
-203.522013
-200.754717
-196.981132
-197.735849
-196.477987
-193.710692
-195.09434
-195.345912
-193.584906
53.641618
50.404624
50.404624
50.635838
47.976879
45.66474
42.774566
44.16185
50.751445
53.179191
52.83237
51.791908
47.861272
49.364162
45.895954
45.780347
42.080925
41.156069
44.624277
43.699422
44.739884
38.034682
36.416185
36.763006
36.531792
37.34104
38.612717
37.803468
38.381503
37.919075
37.919075
34.450867
32.254335
30.520231
34.566474
28.092486
25.780347
24.855491
29.017341
26.936416
23.583815
23.583815
24.046243
14.797688
18.612717
16.416185
13.872832
11.213873
15.144509
16.416185
17.572254
17.225434
19.075145
14.913295
3.468208
7.052023
12.254335
7.514451
8.323699
6.936416
-10.159363
-8.565737
-0.398406
5.378486
-0.59761
-7.768924
2.390438
3.386454
0.0
1.792829
-0.59761
-0.796813
-2.589641
-7.370518
0.199203
-2.988048
-6.374502
-2.788845
4.38247
-0.59761
2.191235
1.394422
1.792829
-12.749004
-0.996016
1.792829
1.593625
6.374502
-0.59761
-4.38247
-6.972112
-6.374502
-0.996016
-14.940239
21.713147
12.749004
0.199203
-2.191235
7.370518
19.322709
23.306773
15.338645
23.306773
17.131474
18.7251
23.505976
23.306773
15.537849
13.944223
13.346614
5.179283
-6.175299
-24.103586
-22.709163
-45.418327
-48.207171
-49.40239
-44.023904
-31.673307
-37.848606
-38.645418
-35.856574
-49.003984
-57.370518
-52.191235
-47.808765
-56.972112
-47.609562
-62.749004
-70.517928
-52.988048
-67.33067699999999
-65.338645
-68.525896
-67.928287
-85.85657399999999
-87.450199
-86.25498
-81.87251000000001
-81.67330699999999
-87.051793
-111.952191
-110.159363
-127.091633
-135.059761
-122.310757
-128.884462
-122.310757
-110.557769
-108.366534
-107.768924
-109.163347
-109.561753
-112.549801
-118.7251
-123.306773
-116.334661
-113.944223
-112.151394
-121.314741
-115.737052
-117.928287
-118.326693
-115.737052
-86.25498
-98.00796800000001
-101.992032
-114.322709
-109.36255
-116.533865
-119.721116
-111.952191
-109.561753
-109.36255
-91.633466
-88.446215
-87.450199
-70.71713099999999
-39.442231
-38.247012
-45.219124
-41.832669
-46.613546
-60.557769
-63.14741
-66.733068
-52.988048
-38.844622
-41.434263
-35.258964
-30.278884
-38.446215
-43.227092
-54.581673
-60.956175
-49.003984
-50.0
-57.370518
-44.621514
-44.023904
-48.207171
-43.625498
-50.199203
-45.61753
-28.884462
-18.12749
-23.705179
-27.888446
-16.932271
-21.115538
-21.513944
-29.282869
-28.884462
-15.936255
-21.115538
-12.549801
-2.788845
-17.729084
-7.569721
-8.366534
-15.139442
-33.266932
-33.266932
-24.900398
-21.912351
-27.689243
-30.876494
-36.055777
-32.868526
-40.63745
-35.856574
-39.243028
-39.442231
-34.262948
-40.039841
-41.23506
-48.007968
-43.227092
-48.406375
-55.179283
45.385267
38.103302
38.103302
39.373412
39.796782
37.679932
35.139712
30.65199
30.990686
28.704488
29.127858
25.740898
27.6884
30.22862
35.139712
38.69602
37.84928
37.510584
39.796782
37.510584
40.3895
42.845047
45.639289
45.554615
43.099069
42.506351
43.607113
43.014395
44.199831
48.687553
46.062659
49.280271
51.312447
50.550381
54.868755
51.608806
55.546147
60.45724
68.0779
68.50127000000001
65.53767999999999
65.87637599999999
69.94072800000001
68.416596
74.00508000000001
72.142252
75.359865
76.799323
73.243014
71.803556
65.791702
66.469094
69.43268399999999
70.482642
68.839966
69.686706
70.19475
71.803556
70.364098
69.43268399999999
68.585944
67.908552
65.791702
66.21507200000001
65.87637599999999
62.828112
63.082134
62.658764
61.049958
58.425064
59.864522
58.34039
58.594412
58.933108
64.69094
62.57409
65.198984
66.469094
65.622354
65.368332
66.04572400000001
63.505504
61.312447
60.626588
58.34039
56.562235
53.598645
53.700254
56.054191
54.360711
51.820491
51.058425
45.215919
45.554615
44.284505
50.635055
53.598645
54.953429
52.582557
52.836579
48.433531
51.481795
53.429297
52.921253
54.953429
52.667231
54.022015
57.662997
56.646909
57.917019
53.005927
54.953429
53.852667
52.497883
57.154953
54.106689
55.376799
50.381033
49.872989
50.550381
49.872989
52.404742
65.372508
62.959077
67.576076
58.237146
57.082896
62.854145
58.866737
50.472193
45.855194
49.632739
46.274921
41.657922
41.762854
33.89297
39.76915
43.231899
46.274921
44.596013
42.602308
44.596013
41.867786
43.022036
44.176285
37.460651
39.884575
36.935992
36.621196
40.608604
39.454355
47.95383
51.626443
46.159496
40.9234
32.004197
42.70724
47.324239
37.366212
41.332634
45.01574
47.534103
47.95383
48.793284
48.058762
50.682057
50.682057
51.206716
49.317943
42.70724
39.664218
43.126967
45.855194
42.70724
38.929696
38.405037
43.441763
45.855194
54.039874
53.20042
54.144806
56.348374
58.447009
60.335782
56.348374
60.755509
58.761805
49.947534
53.515215
57.607555
63.903463
67.051417
58.761805
51.311647
41.238195
39.76915
33.578174
29.695698
19.517314
21.511018
25.393494
24.239244
16.789087
16.36936
10.598111
8.814271
9.024134
7.03043
11.647429
9.653725
24.973767
25.278069
3.462749
-1.15425
7.345226
-3.147954
-5.351522
4.721931
0.104932
-7.450157
-15.529906
-12.591815
-3.462749
4.197272
-5.981112
5.456453
16.149003
18.363064
17.733473
16.474292
18.782791
20.041973
14.585519
19.727177
26.967471
22.560336
22.665268
27.911857
29.275971
28.64638
35.466946
32.172088
32.843652
41.448059
51.101784
48.793284
52.885624
49.003148
55.928646
58.971668
56.977964
57.502623
58.237146
56.873033
48.163694
44.176285
46.726128
53.305352
56.159496
48.478489
45.540399
38.300105
40.503673
38.195173
48.478489
41.238195
36.096537
40.188877
48.478489
49.842602
46.673662
42.812172
40.9234
26.442812
24.449108
28.016789
23.609654
16.789087
14.480588
8.079748
5.981112
3.882476
1.888772
12.172088
7.974816
10.388248
37.250787
51.521511
56.033578
77.43966399999999
75.760756
83.63064
81.217209
72.717733
61.280168
55.299056
53.20042
40.818468
33.578174
25.813221
27.911857
29.695698
35.664336
40.472028
55.157343
66.258741
57.167832
50.786713
56.730769
57.954545
52.980769
43.531469
35.48951
37.762238
45.891608
45.017483
54.370629
55.856643
53.234266
54.982517
57.604895
59.090909
54.895105
55.681818
42.91958
56.468531
60.576923
56.818182
52.185315
51.573427
54.545455
50.437063
58.216783
45.891608
49.213287
45.043706
47.902098
47.814685
55.681818
53.409091
49.737762
58.496503
56.293706
61.398601
64.86014
64.51049
72.29021
80.41958
81.555944
82.43007
86.188811
88.461538
114.423077
130.856643
142.744755
143.181818
155.681818
156.993007
164.073427
154.807692
152.272727
150.087413
154.895105
153.234266
145.891608
140.122378
129.344406
137.15035
139.772727
137.587413
140.297203
141.783217
140.996503
144.318182
143.881119
154.807692
146.328671
140.472028
155.856643
156.993007
158.391608
150.786713
154.632867
154.545455
157.43007
158.216783
155.856643
147.552448
143.444056
139.597902
146.066434
151.660839
142.307692
145.716783
148.688811
146.765734
139.86014
144.493007
139.947552
144.055944
144.230769
144.055944
139.248252
129.108392
133.653846
134.353147
135.402098
128.846154
125.961538
127.185315
126.573427
127.70979
125.34965
130.944056
133.391608
127.185315
130.944056
132.43007
129.72028
128.671329
127.884615
123.339161
127.797203
123.776224
127.70979
68.50471899999999
69.10084500000001
68.902136
69.692002
69.234973
69.746647
70.740189
68.107303
70.342772
66.666667
67.113761
68.256334
67.113761
68.852459
65.375062
64.580229
65.871833
70.591157
68.45504200000001
65.47441600000001
66.517635
66.26925
68.405365
69.99503199999999
68.355688
68.15698
66.41828099999999
70.193741
68.405365
67.66020899999999
68.554396
66.815698
66.16989599999999
66.467958
66.71634400000001
67.262792
65.722802
65.722802
64.92796800000001
62.195728
61.897665
61.351217
61.30154
59.513164
60.357675
60.407352
59.165425
58.171883
55.538997
54.893194
52.508693
52.955787
51.36612
50.074516
45.20616
43.964232
48.435171
45.504223
46.348733
43.715847
44.560358
44.262295
44.461003
46.249379
46.299056
46.74615
46.795827
48.385494
46.050671
46.795827
44.709389
44.659712
45.752608
46.646796
48.683557
49.230005
52.359662
51.71386
54.148038
51.266766
49.875807
49.428713
37.69084
36.450382
35.687023
35.496183
38.263359
39.599237
35.782443
35.973282
41.030534
36.927481
38.645038
41.412214
46.278626
44.561069
45.229008
42.938931
45.706107
41.793893
44.465649
45.706107
43.89313
40.458015
36.832061
34.351145
35.019084
38.263359
40.171756
39.408397
40.171756
38.263359
41.412214
39.217557
41.037307
36.851683
33.757962
35.395814
34.303913
33.66697
34.758872
37.579618
39.581438
39.945405
42.038217
44.313012
42.2202
41.583258
44.949955
44.949955
48.862602
48.134668
52.957234
55.505005
58.507734
61.692448
65.605096
68.152866
71.42857100000001
69.517743
68.69881700000001
67.151956
70.245678
69.699727
73.066424
67.697907
70.245678
70.154686
66.06005500000001
67.879891
69.33575999999999
70.063694
68.061874
66.878981
64.36760700000001
63.785259
66.969973
65.059145
60.600546
60.78253
61.601456
63.694268
65.059145
62.602366
63.057325
63.421292
62.056415
64.695177
64.786169
63.785259
62.511374
61.055505
48.043676
46.587807
49.408553
46.041856
47.315742
48.771611
51.182894
51.228389
53.321201
53.503185
55.686988
52.502275
48.680619
45.404914
50.22748
45.040946
45.677889
46.496815
47.679709
44.313012
44.494995
46.405823
44.585987
44.767971
47.952684
51.683348
49.499545
53.139217
48.22566
46.678799
43.403094
44.767971
46.496815
46.405823
44.494995
40.764331
41.037307
41.674249
44.858963
48.771611
44.494995
39.21747
40.127389
40.946315
39.126479
41.037307
41.856233
40.400364
40.21838
38.398544
38.944495
38.125569
37.215651
30.937216
34.940855
30.937216
23.930846
18.926297
13.830755
14.012739
19.408553
13.648772
21.749696
17.496962
9.356014999999999
11.786148
13.608748
7.897934
10.328068
10.328068
12.029162
11.543135
10.449575
12.636695
13.608748
14.094775
17.010936
18.712029
21.62819
17.861482
20.048603
24.422843
23.572296
21.749696
19.319563
18.347509
17.982989
17.861482
20.291616
21.142163
19.684083
20.170109
19.927096
24.17983
18.833536
22.114216
23.838631
29.095355
38.630807
44.865526
43.154034
41.075795
36.674817
35.94132
32.273839
30.317848
30.440098
33.618582
33.618582
35.207824
35.94132
36.919315
35.696822
35.574572
38.753056
40.831296
44.376528
43.643032
42.542787
43.520782
43.520782
40.0978
38.753056
38.264059
42.787286
39.853301
40.709046
39.853301
30.929095
29.706601
31.540342
40.220049
41.320293
52.07824
49.144254
49.755501
