11.708253
11.708253
10.940499
10.940499
10.556622
10.74856
11.900192
10.74856
11.324376
12.092131
13.051823
12.859885
13.051823
13.627639
14.011516
12.667946
11.708253
12.284069
13.243762
13.243762
14.395393
15.163148
13.051823
14.011516
14.011516
13.627639
13.051823
14.011516
14.395393
14.203455
14.395393
14.203455
14.779271
14.587332
15.163148
15.163148
15.163148
16.122841
16.698656
16.506718
16.122841
16.314779
16.122841
16.122841
14.971209
14.971209
15.163148
15.163148
16.122841
14.395393
14.011516
14.395393
14.779271
14.203455
13.435701
13.243762
12.859885
13.243762
13.243762
13.243762
13.243762
13.051823
13.819578
14.203455
13.819578
12.859885
12.859885
14.011516
13.051823
12.859885
12.092131
12.092131
11.708253
11.516315
11.324376
9.40499
9.596928999999999
2.588235
2.823529
2.823529
4.705882
5.411765
5.882353
5.882353
6.352941
7.058824
7.529412
6.823529
6.352941
5.176471
5.647059
4.0
4.941176
6.823529
7.294118
6.823529
7.058824
6.588235
6.588235
5.411765
5.411765
4.941176
2.117647
3.058824
3.529412
2.117647
2.117647
1.647059
1.882353
1.647059
4.470588
3.294118
3.294118
4.235294
3.294118
4.705882
4.235294
3.764706
5.176471
4.235294
3.529412
2.117647
1.176471
1.882353
-0.705882
-0.235294
0.470588
-0.235294
0.235294
-3.764706
-7.764706
-8.235294
-10.352941
-9.882353
-10.823529
-10.117647
-13.647059
-13.882353
-16.235294
-18.117647
-18.117647
-18.352941
-19.764706
-20.470588
-18.117647
-18.352941
-17.411765
-14.588235
-14.352941
-10.352941
-12.0
-11.529412
-8.941176
-9.647059
-6.823529
-3.294118
-3.294118
-4.0
-4.0
-4.0
-1.411765
-2.823529
-6.823529
-4.0
-0.235294
5.411765
9.647059
4.941176
5.647059
9.176470999999999
8.941176
7.058824
4.470588
3.058824
3.529412
2.823529
8.470587999999999
8.0
8.0
8.0
1.647059
-1.411765
-0.470588
-0.705882
-4.470588
-7.529412
-11.294118
-12.941176
-13.882353
-17.411765
-14.117647
-13.411765
-11.764706
-12.705882
-15.764706
-15.529412
-14.352941
-17.176471
-16.470588
-15.058824
-14.588235
4.854369
3.68932
1.747573
1.359223
1.359223
3.883495
4.07767
0.582524
-27.058824
-26.117647
-31.529412
-31.529412
-33.647059
-32.0
-31.529412
-32.941176
-32.705882
-31.294118
-35.764706
-36.941176
-35.294118
-37.176471
-36.470588
-38.117647
-38.823529
-37.882353
-35.529412
-33.176471
-29.411765
-30.352941
-31.294118
-32.705882
-39.058824
-44.705882
-48.0
-48.235294
-46.352941
-46.823529
-46.352941
-45.176471
-46.588235
-46.588235
-53.882353
-52.941176
-53.411765
-52.0
-52.470588
-52.470588
-51.529412
-56.0
-59.294118
-56.470588
-59.058824
-59.058824
-62.117647
-63.058824
-63.764706
-67.764706
-68.941176
-63.529412
-63.764706
-57.882353
-57.411765
-58.117647
-56.0
-56.0
-51.764706
-54.352941
-51.529412
-52.941176
-52.941176
-52.941176
-55.764706
-57.176471
-57.647059
-58.117647
-59.294118
-56.0
-56.941176
-58.117647
-53.882353
-51.294118
-50.117647
-47.529412
-47.529412
-44.0
-45.647059
-48.0
-48.705882
-48.705882
-45.176471
-44.941176
-46.823529
-44.941176
-44.941176
-45.176471
-46.823529
-47.529412
-50.823529
-52.235294
-54.588235
-53.882353
-54.588235
-50.117647
-48.705882
-48.705882
-50.117647
-52.0
-49.882353
-50.352941
-50.352941
-49.882353
-50.588235
-50.823529
-53.176471
-53.647059
-51.058824
-51.529412
-49.176471
-45.882353
16.391185
17.355372
18.732782
18.595041
19.146006
19.008264
20.661157
21.212121
21.212121
21.763085
22.176309
22.589532
25.068871
9.504132
8.126722000000001
6.198347
6.473829
6.336088
5.509642
5.922865
8.126722000000001
6.473829
4.545455
6.198347
7.024793
8.264462999999999
10.055096
9.641873
7.713499
7.300275
11.019284
5.681818
4.261364
2.840909
4.261364
6.392045
4.119318
5.113636
4.971591
2.982955
1.928375
0.413223
-2.203857
-1.790634
-0.826446
-0.137741
-0.964187
-0.275482
-0.275482
0.275482
2.892562
5.096419
3.443526
1.790634
-0.137741
-1.515152
-1.37741
-2.203857
-0.413223
-1.101928
-1.652893
1.928375
0.688705
1.101928
-0.826446
2.066116
0.688705
2.341598
2.066116
0.550964
2.754821
2.341598
0.550964
-1.37741
-0.550964
-0.413223
-0.275482
1.790634
-1.790634
-3.719008
-2.892562
-4.545455
-2.066116
1.515152
0.0
1.652893
2.203857
6.060606
5.096419
7.300275
5.922865
5.371901
6.61157
8.126722000000001
6.473829
10.192837
10.46832
10.330579
10.46832
12.121212
12.258953
12.672176
13.360882
11.983471
11.707989
11.707989
12.809917
12.809917
12.809917
13.360882
14.46281
16.115702
14.325069
14.738292
14.46281
14.46281
15.289256
15.013774
14.738292
14.325069
13.911846
16.528926
15.702479
14.738292
15.564738
14.325069
15.013774
13.498623
12.258953
12.672176
12.947658
12.396694
11.983471
12.121212
10.743802
10.606061
11.019284
11.983471
11.432507
12.121212
9.917355000000001
9.641873
9.917355000000001
10.881543
10.46832
9.917355000000001
9.917355000000001
9.504132
11.294766
11.707989
11.019284
16.18799
15.796345
13.577023
12.663185
13.446475
13.185379
12.924282
13.83812
13.83812
15.926893
15.274151
13.83812
12.663185
13.315927
13.707572
13.577023
12.793734
13.446475
13.968668
13.315927
13.446475
13.577023
12.140992
12.532637
12.402089
13.315927
14.360313
14.360313
15.143603
16.18799
16.840731
15.796345
16.579634
16.057441
14.751958
15.796345
15.143603
14.360313
13.83812
12.663185
12.793734
13.83812
13.446475
14.882507
12.924282
12.793734
12.924282
13.968668
13.577023
12.793734
11.488251
11.357702
11.227154
14.62141
13.577023
13.446475
9.791123000000001
9.007833
7.832898
7.70235
8.746736
9.921671
10.313316
10.966057
10.574413
11.096606
11.357702
12.793734
13.707572
13.577023
13.968668
14.099217
14.099217
14.360313
14.099217
14.099217
12.924282
13.83812
14.882507
13.707572
12.924282
13.315927
12.924282
12.793734
12.924282
13.83812
14.229765
13.707572
13.707572
13.707572
13.968668
14.229765
13.707572
13.707572
15.013055
15.535248
15.274151
17.493473
17.493473
17.493473
17.493473
16.579634
16.318538
16.318538
16.057441
17.362924
16.710183
15.274151
15.535248
15.926893
18.668407
17.493473
17.493473
17.885117
17.885117
16.710183
16.579634
16.318538
16.840731
16.18799
15.535248
14.099217
14.229765
14.099217
15.274151
15.535248
15.535248
16.18799
17.232376
16.579634
16.318538
16.449086
16.579634
16.318538
16.318538
16.449086
16.057441
16.449086
16.579634
16.318538
16.057441
16.057441
16.057441
16.579634
15.143603
13.968668
14.099217
13.577023
12.793734
12.924282
12.140992
11.879896
11.488251
11.096606
11.488251
10.574413
10.835509
10.574413
9.268929999999999
9.660574
9.138381000000001
9.268929999999999
9.530025999999999
10.313316
10.052219
10.052219
11.357702
10.704961
10.052219
10.052219
10.313316
8.093995
7.571802
7.180157
7.70235
7.180157
7.832898
7.70235
7.70235
7.310705
